# Wavelength(micron)	Flux(Jy)	Flux_error(Jy)
9.5111e-01 1.3568e-04 9.1295e-07
9.6429e-01 1.7918e-04 1.1121e-06
9.7780e-01 2.5173e-04 1.6083e-06
9.9163e-01 3.5192e-04 2.1099e-06
1.0058e+00 4.8036e-04 2.8017e-06
1.0203e+00 6.4527e-04 3.5478e-06
1.0351e+00 8.4467e-04 4.6028e-06
1.0503e+00 1.0581e-03 5.4957e-06
1.0658e+00 1.2328e-03 6.6357e-06
1.0816e+00 1.2918e-03 6.8208e-06
1.0977e+00 9.3363e-04 5.0304e-06
1.1142e+00 4.1605e-04 2.2891e-06
1.1309e+00 2.3088e-04 1.1104e-06
1.1479e+00 1.9013e-04 6.9359e-07
1.1652e+00 1.9922e-04 7.7477e-07
1.1828e+00 3.3056e-04 1.3381e-06
1.2007e+00 7.2140e-04 3.1325e-06
1.2188e+00 1.2608e-03 5.4921e-06
1.2371e+00 1.6722e-03 4.6535e-06
1.2556e+00 2.1208e-03 4.5830e-06
1.2744e+00 2.3999e-03 5.2835e-06
1.2933e+00 2.2182e-03 4.7721e-06
1.3124e+00 1.7069e-03 5.3342e-06
1.3317e+00 7.6432e-04 2.2756e-06
1.3511e+00 1.4668e-04 4.8143e-07
1.3706e+00 3.3660e-05 1.1046e-07
1.3903e+00 2.9631e-05 1.1931e-07
1.4100e+00 3.2928e-05 1.2567e-07
1.4299e+00 5.1033e-05 1.3033e-07
1.4498e+00 1.0495e-04 2.0068e-07
1.4697e+00 1.7906e-04 3.2697e-07
1.4897e+00 2.8469e-04 5.2634e-07
1.5097e+00 4.8413e-04 1.3546e-06
1.5298e+00 8.5361e-04 2.3071e-06
1.5498e+00 1.3619e-03 3.7953e-06
1.5699e+00 1.8886e-03 4.2672e-06
1.5899e+00 1.8792e-03 3.5451e-06
1.6099e+00 1.1597e-03 2.2654e-06
1.6299e+00 5.1998e-04 1.1387e-06
1.6498e+00 3.9565e-04 1.1942e-06
1.6697e+00 3.3292e-04 1.5789e-06
1.6895e+00 3.1210e-04 9.8823e-07
1.7093e+00 3.0656e-04 1.5668e-06
1.7290e+00 3.3563e-04 1.6145e-06
1.7486e+00 2.9846e-04 1.3801e-06
1.7682e+00 2.4812e-04 1.2194e-06
1.7877e+00 1.8097e-04 8.4784e-07
1.8071e+00 1.3662e-04 5.9561e-07
1.8264e+00 1.2902e-04 4.5100e-07
1.8456e+00 1.0934e-04 3.9038e-07
1.8648e+00 1.0372e-04 3.1498e-07
1.8825e+00 1.6002e-04 5.3295e-07
1.9015e+00 2.1429e-04 6.3328e-07
1.9204e+00 2.0275e-04 6.0935e-07
1.9391e+00 1.6416e-04 5.7235e-07
1.9578e+00 1.8882e-04 9.3725e-07
1.9764e+00 2.6864e-04 1.4816e-06
1.9948e+00 3.7507e-04 1.5582e-06
2.0132e+00 5.0808e-04 2.0018e-06
2.0315e+00 6.6936e-04 2.2784e-06
2.0496e+00 8.3243e-04 3.0310e-06
2.0677e+00 9.3916e-04 3.2544e-06
2.0857e+00 9.9313e-04 2.8746e-06
2.1035e+00 9.5169e-04 2.5505e-06
2.1213e+00 8.5807e-04 2.2460e-06
2.1389e+00 7.2959e-04 1.8355e-06
2.1565e+00 5.8095e-04 1.5922e-06
2.1740e+00 4.6068e-04 1.3741e-06
2.1913e+00 2.9237e-04 8.8605e-07
2.2086e+00 1.3385e-04 4.2029e-07
2.2258e+00 1.0238e-04 2.6871e-07
2.2428e+00 7.4041e-05 1.9336e-07
2.2598e+00 5.4711e-05 1.6223e-07
2.2767e+00 4.8967e-05 1.4635e-07
2.2935e+00 4.4191e-05 1.3954e-07
2.3102e+00 5.5197e-05 1.6010e-07
2.3268e+00 4.3252e-05 1.6144e-07
2.3433e+00 3.5522e-05 1.5550e-07
2.3597e+00 4.2553e-05 1.8534e-07
2.3760e+00 4.2862e-05 2.0611e-07
2.3922e+00 5.5422e-05 2.6884e-07
2.4084e+00 8.1633e-05 3.9680e-07
2.4245e+00 9.7360e-05 4.5742e-07
2.4404e+00 1.1506e-04 4.6963e-07
2.4563e+00 1.4403e-04 3.9227e-07
2.4721e+00 1.6238e-04 3.9996e-07
2.4878e+00 1.7147e-04 4.0653e-07
2.5035e+00 1.6534e-04 3.7860e-07
2.5190e+00 1.3539e-04 3.5612e-07
2.5345e+00 1.0826e-04 3.7520e-07
2.5499e+00 8.9998e-05 3.0732e-07
2.5652e+00 7.5555e-05 2.6360e-07
2.5804e+00 6.8144e-05 2.8312e-07
2.5956e+00 6.6908e-05 2.8391e-07
2.6107e+00 8.3215e-05 3.3252e-07
2.6257e+00 1.2297e-04 6.0204e-07
2.6406e+00 1.7584e-04 9.6725e-07
2.6555e+00 1.4847e-04 7.6127e-07
2.6702e+00 7.8580e-05 3.5180e-07
2.6850e+00 6.4544e-05 2.6268e-07
2.6996e+00 8.8739e-05 2.9237e-07
2.7142e+00 1.0645e-04 3.0362e-07
2.7287e+00 1.4339e-04 3.3023e-07
2.7431e+00 1.5864e-04 3.3759e-07
2.7574e+00 1.3630e-04 3.0059e-07
2.7717e+00 1.1270e-04 2.6416e-07
2.7860e+00 1.2572e-04 2.9028e-07
2.8001e+00 1.4904e-04 3.2703e-07
2.8142e+00 1.6027e-04 3.4886e-07
2.8282e+00 1.8109e-04 4.1272e-07
2.8422e+00 1.9409e-04 5.2361e-07
2.8561e+00 2.0804e-04 6.7844e-07
2.8700e+00 2.4720e-04 5.9477e-07
2.8837e+00 2.9031e-04 7.2983e-07
2.8975e+00 3.0469e-04 6.7894e-07
2.9111e+00 3.4362e-04 6.7441e-07
2.9247e+00 3.9127e-04 8.0548e-07
2.9382e+00 4.7678e-04 1.0190e-06
2.9517e+00 4.8024e-04 9.4873e-07
2.9651e+00 4.8459e-04 9.1652e-07
2.9785e+00 5.3205e-04 1.1245e-06
2.9918e+00 5.8256e-04 1.5349e-06
3.0051e+00 5.3118e-04 1.6159e-06
3.0183e+00 6.0700e-04 2.1937e-06
3.0314e+00 6.5153e-04 2.4227e-06
3.0445e+00 6.2709e-04 2.1848e-06
3.0575e+00 5.3604e-04 1.8353e-06
3.0705e+00 4.8940e-04 1.5566e-06
3.0835e+00 4.0352e-04 1.1197e-06
3.0963e+00 3.5846e-04 6.6560e-07
3.1092e+00 3.0324e-04 5.6808e-07
3.1219e+00 2.4386e-04 4.4879e-07
3.1347e+00 1.8400e-04 3.3632e-07
3.1473e+00 1.4068e-04 3.0799e-07
3.1600e+00 1.1991e-04 2.9900e-07
3.1725e+00 1.0133e-04 2.7590e-07
3.1851e+00 8.9645e-05 2.5963e-07
3.1975e+00 7.9328e-05 2.6859e-07
3.2100e+00 7.3186e-05 2.7346e-07
3.2224e+00 7.4535e-05 2.7545e-07
3.2347e+00 7.5913e-05 2.5005e-07
3.2470e+00 8.5192e-05 2.6136e-07
3.2593e+00 1.0185e-04 3.5324e-07
3.2715e+00 1.2657e-04 4.5615e-07
3.2836e+00 1.5402e-04 5.5682e-07
3.2957e+00 1.6135e-04 6.2104e-07
3.3078e+00 1.1089e-04 4.6722e-07
3.3198e+00 3.7249e-05 2.3679e-07
3.3318e+00 2.9780e-05 2.0504e-07
3.3438e+00 6.5271e-05 2.6279e-07
3.3557e+00 1.0313e-04 3.3131e-07
3.3675e+00 1.2233e-04 3.5979e-07
3.3793e+00 1.1867e-04 3.6051e-07
3.3911e+00 1.1232e-04 3.5144e-07
3.4029e+00 1.0992e-04 3.3881e-07
3.4146e+00 1.0930e-04 3.2793e-07
3.4262e+00 1.0890e-04 3.2561e-07
3.4378e+00 1.0862e-04 3.3223e-07
3.4494e+00 1.1478e-04 3.6427e-07
3.4609e+00 1.2017e-04 3.7736e-07
3.4724e+00 1.1989e-04 3.8651e-07
3.4839e+00 1.3299e-04 4.9842e-07
3.4953e+00 1.5232e-04 7.1896e-07
3.5060e+00 1.7917e-04 7.8178e-07
3.5173e+00 1.9418e-04 7.7504e-07
3.5286e+00 1.9370e-04 8.6760e-07
3.5399e+00 2.0167e-04 8.3979e-07
3.5512e+00 2.4239e-04 7.4941e-07
3.5624e+00 2.7749e-04 6.5287e-07
3.5735e+00 2.8631e-04 6.6306e-07
3.5847e+00 2.9963e-04 7.3454e-07
3.5958e+00 3.1710e-04 9.6610e-07
3.6068e+00 3.1703e-04 1.1139e-06
3.6179e+00 3.6105e-04 1.3978e-06
3.6289e+00 4.2043e-04 1.7162e-06
3.6398e+00 4.7109e-04 1.9086e-06
3.6508e+00 5.4130e-04 2.0909e-06
3.6617e+00 6.0421e-04 2.1157e-06
3.6725e+00 6.5197e-04 2.0689e-06
3.6834e+00 7.0825e-04 1.6798e-06
3.6942e+00 7.5353e-04 1.6788e-06
3.7049e+00 7.9076e-04 1.7678e-06
3.7157e+00 7.8720e-04 1.8492e-06
3.7264e+00 8.0158e-04 1.5801e-06
3.7370e+00 8.9161e-04 1.1787e-06
3.7477e+00 9.8837e-04 1.0805e-06
3.7583e+00 1.0828e-03 1.2963e-06
3.7689e+00 1.0246e-03 1.3181e-06
3.7794e+00 9.7003e-04 1.1853e-06
3.7900e+00 1.0405e-03 1.2329e-06
3.8004e+00 1.2195e-03 1.7413e-06
3.8109e+00 1.3517e-03 2.4077e-06
3.8213e+00 1.4929e-03 3.7567e-06
3.8317e+00 1.5633e-03 4.2192e-06
3.8421e+00 1.3393e-03 3.6428e-06
3.8524e+00 1.2971e-03 3.6087e-06
3.8628e+00 1.4533e-03 4.1741e-06
3.8731e+00 1.5419e-03 4.4648e-06
3.8833e+00 1.5937e-03 4.6067e-06
3.8935e+00 1.6547e-03 4.6491e-06
3.9037e+00 1.6763e-03 4.6395e-06
3.9139e+00 1.7458e-03 4.6365e-06
3.9241e+00 1.8227e-03 4.7219e-06
3.9342e+00 1.9475e-03 4.8290e-06
3.9443e+00 2.0159e-03 4.9471e-06
3.9543e+00 2.0371e-03 4.9673e-06
3.9644e+00 2.1387e-03 5.1316e-06
3.9744e+00 2.0980e-03 4.7882e-06
3.9844e+00 2.2646e-03 5.2351e-06
3.9944e+00 2.4356e-03 5.9737e-06
4.0043e+00 2.4014e-03 5.9721e-06
4.0142e+00 2.4855e-03 5.5731e-06
4.0241e+00 2.5263e-03 6.2055e-06
4.0339e+00 2.5907e-03 6.5721e-06
4.0438e+00 2.6821e-03 6.6763e-06
4.0536e+00 2.8282e-03 7.4628e-06
4.0634e+00 2.8893e-03 7.1002e-06
4.0731e+00 2.9203e-03 6.7608e-06
4.0829e+00 3.0037e-03 6.7418e-06
4.0926e+00 3.0799e-03 8.0939e-06
4.1023e+00 3.0722e-03 6.9392e-06
4.1119e+00 2.9970e-03 6.1278e-06
4.1216e+00 3.0833e-03 6.2962e-06
4.1312e+00 3.1182e-03 6.7196e-06
4.1408e+00 3.0470e-03 8.6901e-06
4.1503e+00 2.9044e-03 8.6201e-06
4.1599e+00 2.9945e-03 9.2215e-06
4.1694e+00 3.0865e-03 9.0943e-06
4.1789e+00 2.9012e-03 8.6186e-06
4.1884e+00 2.5114e-03 7.7857e-06
4.1978e+00 2.4311e-03 7.5545e-06
4.2073e+00 2.2825e-03 6.6189e-06
4.2167e+00 1.9422e-03 4.1715e-06
4.2261e+00 1.7110e-03 3.0595e-06
4.2354e+00 1.7166e-03 3.1884e-06
4.2448e+00 1.7620e-03 4.0823e-06
4.2541e+00 1.8608e-03 4.6478e-06
4.2634e+00 1.8375e-03 4.0873e-06
4.2727e+00 1.8103e-03 3.6124e-06
4.2819e+00 1.9833e-03 3.5721e-06
4.2912e+00 1.9854e-03 3.8567e-06
4.3004e+00 1.8323e-03 3.7775e-06
4.3096e+00 1.7809e-03 2.7121e-06
4.3188e+00 1.9495e-03 2.6040e-06
4.3279e+00 2.0249e-03 2.6264e-06
4.3371e+00 1.8858e-03 2.5731e-06
4.3462e+00 1.9154e-03 2.6743e-06
4.3553e+00 2.0567e-03 3.5943e-06
4.3643e+00 2.1817e-03 4.0519e-06
4.3734e+00 2.2901e-03 3.3300e-06
4.3824e+00 2.1775e-03 3.3834e-06
4.3914e+00 1.9646e-03 3.3618e-06
4.4004e+00 2.1126e-03 4.2506e-06
4.4094e+00 2.4307e-03 3.7331e-06
4.4183e+00 2.2141e-03 4.0933e-06
4.4273e+00 1.7803e-03 2.8928e-06
4.4362e+00 1.7873e-03 2.4618e-06
4.4451e+00 1.8741e-03 2.7690e-06
4.4540e+00 1.8423e-03 3.2110e-06
4.4628e+00 1.7143e-03 3.2615e-06
4.4717e+00 1.5631e-03 3.1611e-06
4.4805e+00 1.5428e-03 3.1542e-06
4.4893e+00 1.5206e-03 3.4487e-06
4.4981e+00 1.4279e-03 3.3403e-06
4.5068e+00 1.3582e-03 3.4334e-06
4.5156e+00 1.2506e-03 3.2766e-06
4.5243e+00 1.1638e-03 2.7251e-06
4.5330e+00 1.1637e-03 2.1799e-06
4.5417e+00 1.1835e-03 1.8013e-06
4.5504e+00 1.1654e-03 1.7375e-06
4.5590e+00 1.1478e-03 1.6902e-06
4.5677e+00 1.0572e-03 1.5673e-06
4.5763e+00 1.0804e-03 1.5655e-06
4.5849e+00 1.1932e-03 1.6190e-06
4.5935e+00 1.2515e-03 1.7602e-06
4.6021e+00 1.2555e-03 1.7682e-06
4.6106e+00 1.1967e-03 1.9011e-06
4.6191e+00 1.1403e-03 1.8364e-06
4.6277e+00 1.2089e-03 2.2025e-06
4.6362e+00 1.3204e-03 2.4520e-06
4.6447e+00 1.3649e-03 3.1553e-06
4.6531e+00 1.5000e-03 4.1362e-06
4.6616e+00 1.7730e-03 4.9581e-06
4.6700e+00 1.6903e-03 4.0823e-06
4.6784e+00 1.5142e-03 4.1668e-06
4.6868e+00 1.6535e-03 4.4733e-06
4.6952e+00 1.6039e-03 4.2918e-06
4.7036e+00 1.4829e-03 3.2912e-06
4.7119e+00 1.3110e-03 2.7106e-06
4.7203e+00 1.2892e-03 2.6168e-06
4.7286e+00 1.2192e-03 2.5144e-06
4.7369e+00 1.3522e-03 2.8299e-06
4.7452e+00 1.4327e-03 3.0642e-06
4.7535e+00 1.4156e-03 2.8964e-06
4.7617e+00 1.3236e-03 3.0606e-06
4.7700e+00 1.2333e-03 2.9413e-06
4.7782e+00 1.1048e-03 2.6284e-06
4.7864e+00 1.1539e-03 2.3321e-06
4.7946e+00 1.3940e-03 2.1555e-06
4.8028e+00 1.4456e-03 2.1725e-06
4.8109e+00 1.3301e-03 2.3498e-06
4.8191e+00 1.3788e-03 2.0290e-06
4.8272e+00 1.4429e-03 1.9129e-06
4.8353e+00 1.3075e-03 1.7519e-06
4.8434e+00 1.3016e-03 1.6971e-06
4.8515e+00 1.4508e-03 1.7602e-06
4.8596e+00 1.5247e-03 2.1720e-06
4.8677e+00 1.5281e-03 2.5755e-06
4.8757e+00 1.5403e-03 3.2497e-06
4.8838e+00 1.5376e-03 2.9605e-06
4.8918e+00 1.4545e-03 3.4330e-06
4.8998e+00 1.4795e-03 3.7521e-06
4.9078e+00 1.6267e-03 4.1976e-06
4.9157e+00 1.6899e-03 4.8111e-06
4.9237e+00 1.6039e-03 4.7471e-06
4.9316e+00 1.4314e-03 4.2874e-06
4.9396e+00 1.4710e-03 4.1289e-06
4.9475e+00 1.3444e-03 3.2056e-06
4.9554e+00 1.2459e-03 2.6426e-06
4.9633e+00 1.5286e-03 3.0385e-06
4.9712e+00 1.7067e-03 2.7161e-06
4.9790e+00 1.7871e-03 2.9583e-06
4.9869e+00 1.8386e-03 2.6136e-06
4.9947e+00 1.7913e-03 2.1745e-06
5.0025e+00 1.7738e-03 2.1214e-06
5.0103e+00 1.4157e-03 1.8116e-06
5.0181e+00 1.1562e-03 1.5902e-06
5.0259e+00 1.4552e-03 1.9847e-06
5.0337e+00 1.7141e-03 2.6978e-06
5.0415e+00 1.7394e-03 2.7282e-06
5.0492e+00 1.8053e-03 3.0707e-06
5.0569e+00 1.7392e-03 2.9231e-06
5.0646e+00 1.8683e-03 3.2516e-06
5.0723e+00 1.6480e-03 2.9267e-06
5.0800e+00 1.3739e-03 2.8806e-06
5.0877e+00 1.6685e-03 3.6358e-06
5.0954e+00 1.7984e-03 4.4118e-06
5.1030e+00 1.5707e-03 3.8570e-06
5.1107e+00 1.5039e-03 4.0282e-06
5.1183e+00 1.7558e-03 5.9222e-06
5.1259e+00 1.5290e-03 6.5304e-06
5.1335e+00 1.1917e-03 6.1063e-06
5.1411e+00 9.3733e-04 5.0147e-06
5.1487e+00 1.1224e-03 5.9677e-06
5.1562e+00 1.3086e-03 7.2025e-06
5.1638e+00 1.3451e-03 6.7385e-06
5.1713e+00 1.3361e-03 6.6199e-06
5.1789e+00 1.5275e-03 7.3761e-06
5.1864e+00 1.6587e-03 7.6621e-06
5.2278e+00 1.3103e-03 5.3554e-06
5.2897e+00 1.2308e-03 5.0853e-06
5.3505e+00 1.1582e-03 4.9064e-06
5.4100e+00 9.8577e-04 4.6583e-06
5.4685e+00 8.8547e-04 4.5761e-06
5.5259e+00 7.6206e-04 4.3665e-06
5.5824e+00 7.4040e-04 4.3711e-06
5.6381e+00 6.9921e-04 4.2927e-06
5.6928e+00 6.7937e-04 4.3429e-06
5.7468e+00 6.2603e-04 4.2356e-06
5.8000e+00 6.2166e-04 3.6935e-06
5.8523e+00 5.7855e-04 2.9043e-06
5.9038e+00 5.7015e-04 2.5536e-06
5.9547e+00 6.0815e-04 2.6120e-06
6.0048e+00 6.4914e-04 3.3439e-06
6.0543e+00 6.2504e-04 3.5132e-06
6.1030e+00 6.7953e-04 2.8670e-06
6.1511e+00 7.7719e-04 2.8853e-06
6.1985e+00 8.4732e-04 2.9788e-06
6.2455e+00 7.4415e-04 2.8533e-06
6.2917e+00 8.2789e-04 3.2210e-06
6.3374e+00 7.5081e-04 2.8975e-06
6.3826e+00 7.2126e-04 2.8881e-06
6.4273e+00 5.9703e-04 2.6676e-06
6.4714e+00 4.9220e-04 2.6354e-06
6.5152e+00 4.7053e-04 2.6080e-06
6.5584e+00 4.8963e-04 2.6802e-06
6.6013e+00 4.6960e-04 2.7276e-06
6.6437e+00 5.0801e-04 2.8264e-06
6.6857e+00 5.6219e-04 2.8663e-06
6.7274e+00 6.0649e-04 2.9921e-06
6.7688e+00 5.1950e-04 2.9335e-06
6.8098e+00 6.3242e-04 2.8635e-06
6.8504e+00 4.9952e-04 3.2681e-06
6.8907e+00 6.3258e-04 3.1920e-06
6.9308e+00 6.0401e-04 3.0429e-06
6.9705e+00 6.7355e-04 3.1474e-06
7.0097e+00 6.3485e-04 3.0844e-06
7.0488e+00 6.1979e-04 3.0769e-06
7.0875e+00 5.8351e-04 3.0380e-06
7.1260e+00 5.7390e-04 3.1590e-06
7.1641e+00 5.4180e-04 3.0242e-06
7.2019e+00 4.8247e-04 3.0324e-06
7.2395e+00 4.5400e-04 3.0115e-06
7.2767e+00 4.4550e-04 2.9899e-06
7.3136e+00 4.4501e-04 2.9305e-06
7.3503e+00 4.2420e-04 2.9496e-06
7.3867e+00 3.8808e-04 2.9140e-06
7.4228e+00 3.9417e-04 2.9744e-06
7.4587e+00 4.1006e-04 3.0164e-06
7.4942e+00 4.1963e-04 3.1004e-06
7.5296e+00 4.6380e-04 3.1439e-06
7.5646e+00 5.0671e-04 3.3950e-06
7.5995e+00 5.0759e-04 3.2270e-06
7.6341e+00 4.5456e-04 3.0015e-06
7.6684e+00 3.8102e-04 2.9743e-06
7.7025e+00 3.3052e-04 3.0506e-06
7.7364e+00 3.6578e-04 3.0466e-06
7.7701e+00 3.8785e-04 3.1590e-06
7.8035e+00 4.1368e-04 3.2064e-06
7.8366e+00 4.8183e-04 3.4025e-06
7.8697e+00 4.8836e-04 3.4169e-06
7.9024e+00 4.9915e-04 3.5646e-06
7.9350e+00 5.5216e-04 3.5194e-06
7.9674e+00 5.3072e-04 3.5660e-06
7.9995e+00 5.5335e-04 3.6634e-06
8.0315e+00 5.8778e-04 3.6584e-06
8.0633e+00 5.4044e-04 3.6927e-06
8.0949e+00 5.7195e-04 3.8800e-06
8.1264e+00 6.2993e-04 3.9322e-06
8.1576e+00 6.0288e-04 3.8832e-06
8.1887e+00 5.6282e-04 3.6027e-06
8.2196e+00 6.1860e-04 4.0170e-06
8.2504e+00 6.6704e-04 4.0351e-06
8.2809e+00 7.6848e-04 3.9248e-06
8.3114e+00 6.4305e-04 4.1300e-06
8.3416e+00 7.3835e-04 4.2605e-06
8.3718e+00 7.5962e-04 4.3086e-06
8.4018e+00 8.0110e-04 4.4207e-06
8.4317e+00 8.3503e-04 4.4595e-06
8.4615e+00 8.1026e-04 4.6224e-06
8.4910e+00 8.1813e-04 4.6845e-06
8.5205e+00 8.6206e-04 4.7946e-06
8.5498e+00 9.0488e-04 4.8666e-06
8.5790e+00 9.2515e-04 4.8870e-06
8.6081e+00 1.0061e-03 4.9342e-06
8.6369e+00 1.0400e-03 5.0748e-06
8.6658e+00 1.0222e-03 5.3309e-06
8.6945e+00 1.0437e-03 5.4106e-06
8.7229e+00 1.0632e-03 5.4636e-06
8.7514e+00 1.0802e-03 5.4704e-06
8.7797e+00 1.0401e-03 5.4641e-06
8.8078e+00 1.0632e-03 5.5870e-06
8.8358e+00 1.1150e-03 5.5112e-06
8.8637e+00 1.1280e-03 5.8289e-06
8.8915e+00 1.1987e-03 5.8378e-06
8.9191e+00 1.1694e-03 5.9160e-06
8.9467e+00 1.1772e-03 5.9801e-06
8.9741e+00 1.1902e-03 6.0813e-06
9.0014e+00 1.2459e-03 6.1121e-06
9.0285e+00 1.2278e-03 6.2572e-06
9.0556e+00 1.2484e-03 6.1219e-06
9.0825e+00 1.2904e-03 6.3020e-06
9.1093e+00 1.3644e-03 5.0251e-06
9.1360e+00 1.3160e-03 6.5075e-06
9.1626e+00 1.3023e-03 6.5592e-06
9.1890e+00 1.3579e-03 6.6650e-06
9.2154e+00 1.3796e-03 6.7741e-06
9.2416e+00 1.4800e-03 6.8839e-06
9.2678e+00 1.4756e-03 6.9902e-06
9.2938e+00 1.3684e-03 6.9525e-06
9.3197e+00 1.2485e-03 7.0593e-06
9.3455e+00 1.4761e-03 7.4709e-06
9.3712e+00 1.5299e-03 7.1053e-06
9.3968e+00 1.4323e-03 7.2140e-06
9.4223e+00 1.4574e-03 7.1450e-06
9.4475e+00 1.3433e-03 7.2382e-06
9.4728e+00 1.3650e-03 7.2016e-06
9.4979e+00 1.4294e-03 7.4186e-06
9.5230e+00 1.4801e-03 7.4807e-06
9.5479e+00 1.6036e-03 8.0773e-06
9.5728e+00 1.6394e-03 8.1946e-06
9.5975e+00 1.5774e-03 7.8301e-06
9.6222e+00 1.4504e-03 7.7442e-06
9.6467e+00 1.3873e-03 7.7667e-06
9.6711e+00 1.4030e-03 7.7010e-06
9.6955e+00 1.4257e-03 7.7998e-06
9.7197e+00 1.4598e-03 8.0553e-06
9.7439e+00 1.5440e-03 8.2392e-06
9.7679e+00 1.5380e-03 8.2791e-06
9.7919e+00 1.6383e-03 8.5091e-06
9.8159e+00 1.7532e-03 8.7355e-06
9.8396e+00 1.6056e-03 8.5062e-06
9.8633e+00 1.4232e-03 8.3845e-06
9.8869e+00 1.3696e-03 8.5118e-06
9.9104e+00 1.4259e-03 8.4681e-06
9.9338e+00 1.4696e-03 8.7549e-06
9.9571e+00 1.6355e-03 8.5621e-06
9.9803e+00 1.8738e-03 8.8760e-06
1.0003e+01 1.6286e-03 9.2224e-06
1.0027e+01 1.5631e-03 9.1530e-06
1.0050e+01 1.2964e-03 9.8663e-06
1.0073e+01 1.2686e-03 9.0221e-06
1.0095e+01 1.3362e-03 9.4012e-06
1.0118e+01 1.5692e-03 9.3095e-06
1.0141e+01 1.7914e-03 9.4264e-06
1.0163e+01 1.8697e-03 9.7762e-06
1.0186e+01 1.9024e-03 1.0100e-05
1.0209e+01 1.7637e-03 9.7811e-06
1.0230e+01 1.7272e-03 9.9678e-06
1.0253e+01 1.6830e-03 9.9709e-06
1.0275e+01 1.5516e-03 1.0007e-05
1.0297e+01 1.3614e-03 9.6033e-06
1.0319e+01 1.1508e-03 9.3137e-06
1.0341e+01 1.0163e-03 9.0886e-06
1.0363e+01 8.5460e-04 8.8962e-06
1.0385e+01 8.4837e-04 9.3328e-06
1.0407e+01 8.5791e-04 9.2289e-06
1.0428e+01 9.5817e-04 9.8632e-06
1.0450e+01 9.5566e-04 9.9415e-06
1.0471e+01 1.0009e-03 1.0364e-05
1.0493e+01 9.9603e-04 1.0488e-05
1.0514e+01 8.4737e-04 1.0635e-05
1.0536e+01 1.0756e-03 1.0425e-05
1.0557e+01 1.1587e-03 1.0520e-05
1.0578e+01 1.1960e-03 1.0904e-05
1.0599e+01 1.1802e-03 1.1143e-05
1.0620e+01 1.2345e-03 1.1117e-05
1.0641e+01 1.1740e-03 1.1730e-05
1.0662e+01 1.1236e-03 1.1618e-05
1.0683e+01 9.5903e-04 1.1971e-05
1.0704e+01 8.7218e-04 1.1827e-05
1.0724e+01 8.3318e-04 1.1958e-05
1.0745e+01 8.5474e-04 1.2011e-05
1.0766e+01 8.6427e-04 1.2392e-05
1.0787e+01 1.0190e-03 1.2835e-05
1.0808e+01 1.0660e-03 1.3359e-05
1.0828e+01 1.1203e-03 1.3566e-05
1.0848e+01 1.1497e-03 1.3859e-05
1.0868e+01 1.1801e-03 1.3870e-05
1.0889e+01 1.1354e-03 1.4122e-05
1.0909e+01 1.1443e-03 1.4137e-05
1.0930e+01 1.1201e-03 1.4245e-05
1.0950e+01 1.1558e-03 1.5536e-05
1.0969e+01 1.0474e-03 1.5491e-05
1.0990e+01 1.0601e-03 1.5696e-05
1.1010e+01 9.8133e-04 1.6196e-05
1.1030e+01 1.0493e-03 1.5281e-05
1.1050e+01 1.3107e-03 1.7221e-05
1.1070e+01 1.4076e-03 1.6883e-05
1.1089e+01 1.4221e-03 1.7845e-05
1.1109e+01 1.4851e-03 1.7951e-05
1.1129e+01 1.4422e-03 1.8242e-05
1.1149e+01 1.5192e-03 1.9010e-05
1.1168e+01 1.4516e-03 1.9081e-05
1.1188e+01 1.4006e-03 1.8962e-05
1.1207e+01 1.3754e-03 2.0637e-05
1.1226e+01 1.2567e-03 2.0141e-05
1.1246e+01 1.2109e-03 2.1088e-05
1.1265e+01 1.2708e-03 2.0812e-05
1.1285e+01 1.4572e-03 2.1952e-05
1.1304e+01 1.4790e-03 2.1439e-05
1.1324e+01 1.3913e-03 2.2572e-05
1.1342e+01 1.5158e-03 2.2204e-05
1.1361e+01 1.4757e-03 2.3187e-05
1.1380e+01 1.5469e-03 2.3530e-05
1.1400e+01 1.4881e-03 2.3707e-05
1.1419e+01 1.0330e-03 2.1781e-05
1.1438e+01 1.1463e-03 2.3918e-05
1.1456e+01 1.0045e-03 2.2550e-05
1.1475e+01 1.1584e-03 2.4838e-05
1.1494e+01 1.4401e-03 2.4923e-05
1.1512e+01 1.2530e-03 2.5423e-05
1.1531e+01 9.4343e-04 2.2949e-05
1.1550e+01 1.1044e-03 2.6275e-05
1.1569e+01 1.3736e-03 2.6628e-05
1.1586e+01 1.3964e-03 2.8152e-05
1.1605e+01 1.2761e-03 2.7492e-05
1.1624e+01 1.3444e-03 2.8524e-05
1.1642e+01 1.3057e-03 2.8518e-05
1.1661e+01 1.2691e-03 2.7092e-05
1.1679e+01 1.2490e-03 3.0124e-05
1.1696e+01 1.1745e-03 3.1056e-05
1.1715e+01 1.1403e-03 3.0665e-05
1.1733e+01 1.0782e-03 3.2878e-05
1.1751e+01 1.1792e-03 3.3131e-05
1.1770e+01 1.1709e-03 3.4776e-05
1.1788e+01 1.1770e-03 3.4361e-05
1.1806e+01 1.1682e-03 3.5977e-05
1.1823e+01 1.2202e-03 3.6701e-05
1.1841e+01 1.2929e-03 3.8837e-05
1.1859e+01 1.2592e-03 3.9109e-05
1.1877e+01 1.1638e-03 4.1656e-05
1.1895e+01 1.2328e-03 4.0082e-05
1.1913e+01 1.3447e-03 4.2113e-05
1.1930e+01 1.3340e-03 4.2730e-05
1.1947e+01 1.3246e-03 4.3494e-05
1.1965e+01 1.1771e-03 4.3170e-05
