# Wavelength(micron)	Flux(Jy)	Flux_error(Jy)
9.6205e-01 -2.4055e-07 2.2878e-07
9.7552e-01 -1.5896e-07 2.2010e-07
9.8931e-01 -6.1634e-08 2.1910e-07
1.0034e+00 4.6301e-07 2.2644e-07
1.0179e+00 2.2619e-07 2.2018e-07
1.0327e+00 6.1645e-07 2.2753e-07
1.0478e+00 1.6821e-06 2.2025e-07
1.0633e+00 2.6789e-06 2.2029e-07
1.0790e+00 2.0853e-06 2.0846e-07
1.0951e+00 7.2533e-07 1.9886e-07
1.1115e+00 4.4721e-07 1.7995e-07
1.1283e+00 1.2543e-07 1.8387e-07
1.1453e+00 8.0120e-08 1.7705e-07
1.1625e+00 -2.0778e-07 1.8260e-07
1.1801e+00 -6.9694e-08 1.6997e-07
1.1979e+00 1.7838e-07 1.7092e-07
1.2160e+00 5.2627e-07 1.8053e-07
1.2343e+00 1.0252e-06 1.8144e-07
1.2529e+00 2.1886e-06 1.8698e-07
1.2716e+00 2.8865e-06 1.8881e-07
1.2905e+00 1.3645e-06 1.8904e-07
1.3097e+00 6.7660e-07 1.7758e-07
1.3289e+00 1.7509e-07 1.8204e-07
1.3483e+00 4.6795e-08 1.8480e-07
1.3679e+00 -3.5496e-07 1.8548e-07
1.3875e+00 -1.2931e-07 2.0147e-07
1.4073e+00 -1.5230e-07 2.0841e-07
1.4272e+00 -9.3140e-08 2.0082e-07
1.4471e+00 8.4746e-08 2.1270e-07
1.4670e+00 2.6869e-08 2.1233e-07
1.4871e+00 4.1490e-07 2.1506e-07
1.5071e+00 5.4789e-07 2.2255e-07
1.5272e+00 1.8586e-07 2.3324e-07
1.5472e+00 5.2897e-07 2.5190e-07
1.5673e+00 1.1961e-06 2.6710e-07
1.5874e+00 1.8797e-06 2.5327e-07
1.6074e+00 1.0558e-06 2.5316e-07
1.6260e+00 2.5393e-07 2.5493e-07
1.6460e+00 1.9247e-07 2.7386e-07
1.6659e+00 2.4434e-07 2.7935e-07
1.6858e+00 5.5972e-07 2.7159e-07
1.7056e+00 3.2268e-07 2.9707e-07
1.7254e+00 5.2304e-08 2.9059e-07
1.7450e+00 -4.0734e-07 2.9959e-07
1.7646e+00 5.8035e-07 3.1094e-07
1.7842e+00 2.2209e-07 3.1438e-07
1.8036e+00 -3.0575e-08 3.1339e-07
1.8230e+00 -1.2571e-07 3.1129e-07
1.8423e+00 -2.8068e-08 3.0869e-07
1.8614e+00 2.6592e-07 3.2440e-07
1.8805e+00 1.5027e-07 3.2660e-07
1.8995e+00 5.0263e-08 3.1613e-07
1.9184e+00 -2.9179e-07 3.3257e-07
1.9372e+00 -1.4729e-07 3.3932e-07
1.9559e+00 1.8081e-07 3.4984e-07
1.9745e+00 6.8962e-07 3.6184e-07
1.9931e+00 3.5931e-07 3.4237e-07
2.0115e+00 7.5378e-07 3.5900e-07
2.0298e+00 5.7012e-07 3.6487e-07
2.0480e+00 8.8776e-07 3.8958e-07
2.0661e+00 9.3251e-07 3.7836e-07
2.0841e+00 1.2111e-06 3.8496e-07
2.1020e+00 9.3455e-07 3.8439e-07
2.1198e+00 8.2708e-07 3.8908e-07
2.1375e+00 8.1487e-07 4.0535e-07
2.1551e+00 6.1371e-07 4.0264e-07
2.1726e+00 -6.3623e-08 3.9442e-07
2.1900e+00 4.8205e-07 4.1566e-07
2.2073e+00 -1.1936e-07 4.0850e-07
2.2245e+00 -1.2094e-09 4.2469e-07
2.2416e+00 -2.7573e-07 4.3365e-07
2.2586e+00 2.6827e-07 4.1270e-07
2.2755e+00 3.0858e-07 4.3044e-07
2.2923e+00 7.0040e-07 4.4475e-07
2.3091e+00 2.3946e-07 4.2388e-07
2.3257e+00 -4.9088e-07 4.2437e-07
2.3422e+00 5.1215e-08 4.2730e-07
2.3587e+00 4.0262e-07 4.4047e-07
2.3750e+00 6.0530e-08 4.3979e-07
2.3913e+00 4.8083e-07 4.4607e-07
2.4075e+00 3.4389e-07 4.3750e-07
2.4236e+00 6.2561e-07 4.4875e-07
2.4396e+00 8.7641e-08 4.5099e-07
2.4555e+00 -3.7567e-08 4.4848e-07
2.4713e+00 -7.0338e-07 4.5723e-07
2.4871e+00 3.5577e-07 4.6294e-07
2.5028e+00 1.0900e-06 4.7683e-07
2.5183e+00 8.7461e-07 5.2579e-07
2.5338e+00 3.3723e-07 4.7845e-07
2.5493e+00 2.8198e-08 4.8156e-07
2.5646e+00 8.6397e-08 5.1221e-07
2.5799e+00 9.2140e-07 4.8155e-07
2.5951e+00 8.0356e-07 4.7393e-07
2.6102e+00 -6.0644e-07 4.9196e-07
2.6252e+00 -6.8343e-07 5.2177e-07
2.6402e+00 5.7680e-07 5.0505e-07
2.6551e+00 5.7506e-07 5.1446e-07
2.6699e+00 2.6139e-07 5.5082e-07
2.6846e+00 1.6627e-07 5.1441e-07
2.6993e+00 -3.3732e-07 5.1683e-07
2.7139e+00 3.0052e-07 5.2507e-07
2.7284e+00 7.1256e-08 5.3536e-07
2.7429e+00 7.3594e-07 5.7462e-07
2.7572e+00 1.5777e-07 5.6113e-07
2.7716e+00 2.9075e-09 5.8321e-07
2.7858e+00 3.2261e-08 5.8799e-07
2.8000e+00 -5.8802e-07 5.7889e-07
2.8141e+00 8.9919e-08 5.8594e-07
2.8282e+00 3.1725e-07 5.8321e-07
2.8422e+00 5.6786e-07 5.9294e-07
2.8561e+00 4.5603e-07 5.9871e-07
2.8700e+00 -7.6348e-08 5.9533e-07
2.8838e+00 8.2771e-07 6.1108e-07
2.8975e+00 1.2408e-06 6.1249e-07
2.9112e+00 8.2218e-07 6.3673e-07
2.9248e+00 1.2686e-06 6.3609e-07
2.9384e+00 2.7658e-06 6.5349e-07
2.9519e+00 2.8159e-06 6.6399e-07
2.9654e+00 2.4631e-06 6.3793e-07
2.9787e+00 3.0715e-06 6.6097e-07
2.9921e+00 2.0610e-06 6.6574e-07
3.0054e+00 2.0950e-06 6.6840e-07
3.0186e+00 3.9420e-06 6.7810e-07
3.0318e+00 4.4702e-06 6.8359e-07
3.0449e+00 3.5161e-06 6.8669e-07
3.0579e+00 4.9939e-06 7.0432e-07
3.0709e+00 4.1567e-06 6.8086e-07
3.0839e+00 3.4651e-06 6.8515e-07
3.0968e+00 3.4605e-06 7.4624e-07
3.1096e+00 3.1563e-06 7.1840e-07
3.1224e+00 2.7462e-06 7.1546e-07
3.1352e+00 2.2921e-06 7.1181e-07
3.1479e+00 1.1742e-06 7.3683e-07
3.1605e+00 1.6228e-06 7.3157e-07
3.1731e+00 -4.9757e-07 7.2293e-07
3.1857e+00 5.6246e-07 7.1695e-07
3.1982e+00 7.3308e-07 7.3843e-07
3.2107e+00 4.7264e-08 7.2681e-07
3.2231e+00 4.1531e-07 7.1463e-07
3.2354e+00 4.2320e-07 7.6108e-07
3.2478e+00 6.3371e-08 7.3109e-07
3.2600e+00 5.3595e-07 7.4283e-07
3.2723e+00 7.9187e-07 7.6085e-07
3.2844e+00 8.8649e-07 7.4904e-07
3.2966e+00 4.2852e-07 7.5072e-07
3.3087e+00 1.2917e-06 7.9594e-07
3.3207e+00 1.0013e-06 7.5932e-07
3.3327e+00 8.5241e-07 7.8523e-07
3.3447e+00 1.8334e-07 8.0883e-07
3.3566e+00 7.1523e-07 7.7815e-07
3.3685e+00 1.2196e-07 7.8625e-07
3.3804e+00 1.4015e-07 8.1371e-07
3.3922e+00 1.0329e-07 8.2649e-07
3.4031e+00 -4.2119e-07 8.0000e-07
3.4149e+00 -1.5150e-06 8.3969e-07
3.4265e+00 -2.0015e-07 8.2787e-07
3.4382e+00 -1.2479e-07 8.2940e-07
3.4498e+00 -2.9241e-09 8.3691e-07
3.4613e+00 -1.5814e-07 8.4935e-07
3.4729e+00 -2.4371e-08 8.4234e-07
3.4844e+00 8.9503e-07 8.8662e-07
3.4958e+00 1.0165e-06 8.5445e-07
3.5072e+00 2.4811e-06 8.6826e-07
3.5186e+00 3.1822e-07 8.9468e-07
3.5299e+00 8.0423e-07 9.0223e-07
3.5412e+00 7.0067e-07 9.1072e-07
3.5525e+00 1.5782e-06 9.2574e-07
3.5637e+00 2.2586e-06 9.5103e-07
3.5749e+00 2.0521e-06 9.0333e-07
3.5861e+00 8.0380e-07 8.8268e-07
3.5972e+00 2.4138e-06 9.3397e-07
3.6083e+00 2.4318e-06 9.4306e-07
3.6194e+00 3.1397e-06 9.4942e-07
3.6304e+00 2.5670e-06 9.7041e-07
3.6414e+00 4.0739e-06 9.6822e-07
3.6523e+00 5.1225e-06 9.4823e-07
3.6632e+00 6.2346e-06 9.6788e-07
3.6741e+00 5.3604e-06 9.8601e-07
3.6850e+00 7.2062e-06 1.0109e-06
3.6958e+00 7.2467e-06 1.0275e-06
3.7066e+00 9.4291e-06 1.0677e-06
3.7174e+00 8.2227e-06 1.0980e-06
3.7281e+00 7.7510e-06 1.0858e-06
3.7388e+00 9.2787e-06 1.0910e-06
3.7494e+00 1.2497e-05 1.0520e-06
3.7601e+00 1.5751e-05 1.0183e-06
3.7707e+00 1.1964e-05 1.0620e-06
3.7812e+00 9.5355e-06 1.1351e-06
3.7918e+00 9.8384e-06 1.1873e-06
3.8023e+00 1.3011e-05 1.1092e-06
3.8128e+00 2.1204e-05 1.2213e-06
3.8232e+00 2.6453e-05 1.2781e-06
3.8337e+00 2.7393e-05 1.2076e-06
3.8440e+00 1.4813e-05 1.1561e-06
3.8544e+00 1.2187e-05 1.1499e-06
3.8648e+00 1.8425e-05 1.1780e-06
3.8751e+00 1.8153e-05 1.2467e-06
3.8853e+00 2.1061e-05 1.2804e-06
3.8956e+00 2.3240e-05 1.2934e-06
3.9058e+00 2.3605e-05 1.2338e-06
3.9160e+00 2.5256e-05 1.2650e-06
3.9262e+00 2.5928e-05 1.2876e-06
3.9363e+00 3.1738e-05 1.3950e-06
3.9464e+00 3.4179e-05 1.4195e-06
3.9565e+00 3.5230e-05 1.4192e-06
3.9666e+00 3.9509e-05 1.4964e-06
3.9766e+00 3.5452e-05 1.5122e-06
3.9866e+00 3.9666e-05 1.4613e-06
3.9966e+00 4.6049e-05 1.5019e-06
4.0066e+00 4.2848e-05 1.5039e-06
4.0165e+00 4.6219e-05 1.5592e-06
4.0264e+00 5.1174e-05 1.5503e-06
4.0363e+00 4.9996e-05 1.5371e-06
4.0461e+00 4.9859e-05 1.5575e-06
4.0560e+00 5.7014e-05 1.6016e-06
4.0658e+00 6.0765e-05 1.6766e-06
4.0756e+00 6.1247e-05 1.6379e-06
4.0853e+00 6.7824e-05 1.7140e-06
4.0950e+00 7.2620e-05 1.7796e-06
4.1047e+00 7.2550e-05 1.7792e-06
4.1144e+00 6.8430e-05 1.8337e-06
4.1241e+00 7.6827e-05 1.8575e-06
4.1337e+00 8.9166e-05 1.8944e-06
4.1433e+00 8.5092e-05 1.8877e-06
4.1529e+00 7.3272e-05 1.8220e-06
4.1625e+00 8.1025e-05 1.9218e-06
4.1720e+00 1.0034e-04 2.0653e-06
4.1816e+00 9.5087e-05 2.0403e-06
4.1911e+00 7.7906e-05 1.9120e-06
4.2005e+00 7.3323e-05 1.9468e-06
4.2100e+00 7.0944e-05 1.8964e-06
4.2194e+00 5.7536e-05 1.8589e-06
4.2288e+00 4.5941e-05 1.7750e-06
4.2382e+00 5.4783e-05 1.8581e-06
4.2476e+00 6.6658e-05 1.9346e-06
4.2569e+00 7.3195e-05 1.9630e-06
4.2662e+00 6.6952e-05 1.8617e-06
4.2755e+00 6.5250e-05 1.9408e-06
4.2848e+00 7.5276e-05 1.9574e-06
4.2941e+00 7.4977e-05 1.9862e-06
4.3033e+00 6.9397e-05 1.9644e-06
4.3125e+00 7.0259e-05 2.0254e-06
4.3217e+00 8.7008e-05 2.0691e-06
4.3309e+00 9.7082e-05 2.1345e-06
4.3400e+00 9.2862e-05 2.1548e-06
4.3492e+00 8.9356e-05 2.2203e-06
4.3583e+00 1.0077e-04 2.2780e-06
4.3674e+00 1.1931e-04 2.4385e-06
4.3765e+00 1.2911e-04 2.4859e-06
4.3855e+00 1.1464e-04 2.4199e-06
4.3945e+00 1.0012e-04 2.2840e-06
4.4035e+00 1.1934e-04 2.4908e-06
4.4125e+00 1.4957e-04 2.5925e-06
4.4215e+00 1.3955e-04 2.6279e-06
4.4305e+00 1.0288e-04 2.3955e-06
4.4394e+00 9.9468e-05 2.3604e-06
4.4483e+00 1.1090e-04 2.4377e-06
4.4572e+00 1.1179e-04 2.5324e-06
4.4661e+00 1.0625e-04 2.5006e-06
4.4750e+00 9.5038e-05 2.3657e-06
4.4838e+00 9.0880e-05 2.3591e-06
4.4926e+00 9.0187e-05 2.4217e-06
4.5014e+00 8.6017e-05 2.2647e-06
4.5102e+00 7.9971e-05 2.3231e-06
4.5190e+00 6.5844e-05 2.2510e-06
4.5277e+00 5.3551e-05 2.0567e-06
4.5364e+00 5.5862e-05 2.1730e-06
4.5452e+00 5.3869e-05 2.1501e-06
4.5539e+00 5.0364e-05 2.0908e-06
4.5625e+00 4.6727e-05 2.0658e-06
4.5712e+00 4.4686e-05 2.0500e-06
4.5798e+00 4.1087e-05 2.0764e-06
4.5884e+00 4.1234e-05 2.1358e-06
4.5971e+00 4.1737e-05 2.1091e-06
4.6056e+00 4.2325e-05 2.1041e-06
4.6142e+00 4.2272e-05 2.1990e-06
4.6228e+00 3.9972e-05 2.2338e-06
4.6313e+00 4.3153e-05 2.2090e-06
4.6398e+00 5.9073e-05 2.3765e-06
4.6483e+00 6.0974e-05 2.4343e-06
4.6568e+00 6.3547e-05 2.5370e-06
4.6653e+00 8.2690e-05 2.4821e-06
4.6737e+00 7.4398e-05 2.4931e-06
4.6822e+00 5.9532e-05 2.3763e-06
4.6906e+00 6.5528e-05 2.4824e-06
4.6990e+00 6.8818e-05 2.5237e-06
4.7074e+00 5.7261e-05 2.4573e-06
4.7158e+00 5.0793e-05 2.2736e-06
4.7241e+00 4.5550e-05 2.3021e-06
4.7325e+00 4.5035e-05 2.3765e-06
4.7408e+00 5.2483e-05 2.4572e-06
4.7491e+00 5.8207e-05 2.5378e-06
4.7574e+00 5.8777e-05 2.5218e-06
4.7657e+00 5.2999e-05 2.4347e-06
4.7739e+00 5.4389e-05 2.3874e-06
4.7822e+00 5.0436e-05 2.3113e-06
4.7904e+00 5.0218e-05 2.3585e-06
4.7986e+00 6.5265e-05 2.5829e-06
4.8068e+00 7.0195e-05 2.7838e-06
4.8150e+00 6.1804e-05 2.6694e-06
4.8232e+00 7.0931e-05 2.6354e-06
4.8313e+00 7.6234e-05 2.7637e-06
4.8395e+00 6.5948e-05 2.8033e-06
4.8476e+00 6.0451e-05 2.6636e-06
4.8557e+00 8.2634e-05 2.8074e-06
4.8638e+00 9.7886e-05 2.9082e-06
4.8719e+00 9.9088e-05 2.8722e-06
4.8800e+00 1.0294e-04 2.9727e-06
4.8880e+00 9.4017e-05 2.9701e-06
4.8960e+00 7.1963e-05 2.8681e-06
4.9041e+00 7.7207e-05 2.9925e-06
4.9121e+00 9.4421e-05 2.9573e-06
4.9201e+00 1.1412e-04 3.1831e-06
4.9280e+00 1.1449e-04 3.1158e-06
4.9360e+00 9.0615e-05 3.0478e-06
4.9440e+00 7.5921e-05 2.9658e-06
4.9519e+00 5.9405e-05 2.8724e-06
4.9598e+00 5.2057e-05 2.7857e-06
4.9677e+00 8.5226e-05 2.9789e-06
4.9756e+00 9.4790e-05 3.0856e-06
4.9835e+00 1.0315e-04 3.1448e-06
4.9914e+00 1.1137e-04 3.2124e-06
4.9992e+00 1.0782e-04 3.2142e-06
5.0071e+00 9.8408e-05 2.9933e-06
5.0149e+00 6.6065e-05 3.0713e-06
5.0227e+00 3.8958e-05 2.8874e-06
5.0305e+00 5.0568e-05 3.0769e-06
5.0383e+00 8.7220e-05 3.4622e-06
5.0461e+00 1.1615e-04 3.6791e-06
5.0539e+00 1.2159e-04 3.5869e-06
5.0616e+00 1.2435e-04 3.6841e-06
5.0693e+00 1.2972e-04 3.6930e-06
5.0771e+00 9.7047e-05 3.5317e-06
5.0848e+00 6.3615e-05 3.4128e-06
5.0925e+00 7.4595e-05 3.3905e-06
5.1002e+00 8.2793e-05 3.3480e-06
5.1078e+00 7.7234e-05 3.3232e-06
5.1155e+00 7.7958e-05 3.3853e-06
5.1231e+00 9.0258e-05 3.5158e-06
5.1308e+00 8.1216e-05 3.4916e-06
5.1384e+00 4.7744e-05 3.3934e-06
5.1460e+00 2.4977e-05 3.3185e-06
5.1536e+00 3.7807e-05 3.1414e-06
5.1612e+00 5.9235e-05 3.3416e-06
5.1687e+00 6.9093e-05 3.4756e-06
5.1763e+00 6.5094e-05 3.3602e-06
5.1838e+00 8.0520e-05 3.6005e-06
5.2057e+00 5.8567e-05 1.7432e-07
5.2680e+00 5.0204e-05 1.6187e-07
5.3290e+00 4.5655e-05 1.5222e-07
5.3888e+00 3.6217e-05 1.4298e-07
5.4475e+00 2.5884e-05 1.4968e-07
5.5052e+00 1.9640e-05 1.5317e-07
5.5619e+00 1.4332e-05 1.5395e-07
5.6178e+00 1.0637e-05 1.4466e-07
5.6729e+00 8.9545e-06 1.4498e-07
5.7271e+00 7.6693e-06 1.5133e-07
5.7804e+00 7.7734e-06 1.5658e-07
5.8331e+00 7.3881e-06 1.6069e-07
5.8849e+00 6.0613e-06 1.6291e-07
5.9360e+00 5.8936e-06 1.6002e-07
5.9863e+00 6.9040e-06 1.7805e-07
6.0359e+00 7.0337e-06 1.6334e-07
6.0849e+00 7.2370e-06 1.7357e-07
6.1333e+00 8.1085e-06 1.6515e-07
6.1809e+00 1.2323e-05 1.7444e-07
6.2280e+00 1.8757e-05 1.8560e-07
6.2744e+00 2.3787e-05 1.9618e-07
6.3204e+00 2.1040e-05 1.9149e-07
6.3658e+00 1.2541e-05 2.0115e-07
6.4106e+00 7.7651e-06 1.9483e-07
6.5424e+00 7.0432e-06 1.9669e-07
6.5854e+00 7.6942e-06 2.0717e-07
6.6281e+00 8.7929e-06 2.1592e-07
6.6703e+00 1.1383e-05 2.1891e-07
6.7122e+00 1.4810e-05 2.2349e-07
6.7537e+00 1.6684e-05 2.3037e-07
6.7948e+00 1.6379e-05 2.2227e-07
6.8357e+00 1.6701e-05 2.2360e-07
6.8763e+00 2.0952e-05 2.4183e-07
6.9164e+00 2.4520e-05 2.4595e-07
6.9563e+00 2.4386e-05 2.4966e-07
6.9958e+00 2.4954e-05 2.5490e-07
7.0351e+00 2.7197e-05 2.6260e-07
7.0739e+00 3.0330e-05 2.6373e-07
7.1125e+00 3.0972e-05 2.6714e-07
7.1509e+00 2.7512e-05 2.7441e-07
7.1888e+00 2.5336e-05 2.7241e-07
7.2265e+00 2.2151e-05 2.7484e-07
7.2639e+00 1.8937e-05 2.8268e-07
7.3010e+00 1.3917e-05 2.8070e-07
7.3379e+00 1.0211e-05 2.7474e-07
7.3744e+00 7.6269e-06 2.6867e-07
7.4107e+00 7.7628e-06 2.9081e-07
7.4468e+00 7.9224e-06 2.7613e-07
7.4824e+00 9.3726e-06 2.7801e-07
7.5180e+00 1.1501e-05 3.0133e-07
7.5532e+00 1.4367e-05 3.1071e-07
7.5882e+00 1.5395e-05 3.1682e-07
7.6229e+00 1.4872e-05 3.1441e-07
7.6574e+00 9.5172e-06 3.2459e-07
7.6917e+00 7.3301e-06 3.2218e-07
7.7258e+00 9.6039e-06 3.2778e-07
7.7595e+00 1.0312e-05 3.3000e-07
7.7931e+00 1.1912e-05 3.3159e-07
7.8265e+00 1.2662e-05 3.3659e-07
7.8596e+00 1.2857e-05 3.4274e-07
7.8926e+00 1.0278e-05 3.6247e-07
7.9252e+00 1.2686e-05 3.5465e-07
7.9577e+00 1.4895e-05 3.5084e-07
7.9901e+00 1.7657e-05 3.5389e-07
8.0222e+00 1.9220e-05 3.6652e-07
8.0542e+00 2.3022e-05 3.7354e-07
8.0858e+00 2.9839e-05 3.9105e-07
8.1174e+00 3.5556e-05 4.0692e-07
8.1488e+00 3.6768e-05 4.0426e-07
8.1801e+00 3.9656e-05 4.0599e-07
8.2111e+00 4.5241e-05 4.2336e-07
8.2420e+00 5.7119e-05 4.3472e-07
8.2728e+00 6.6920e-05 4.1624e-07
8.3034e+00 7.1714e-05 4.2692e-07
8.3337e+00 7.0735e-05 4.5246e-07
8.3640e+00 7.0771e-05 4.8569e-07
8.3942e+00 7.5976e-05 4.8803e-07
8.4242e+00 9.3843e-05 5.0774e-07
8.4540e+00 9.7808e-05 5.1272e-07
8.4838e+00 9.6971e-05 5.0086e-07
8.5134e+00 9.7739e-05 5.2223e-07
8.5428e+00 1.1038e-04 5.3266e-07
8.5722e+00 1.2012e-04 5.3541e-07
8.6014e+00 1.1752e-04 5.7020e-07
8.6304e+00 1.1434e-04 5.6633e-07
8.6594e+00 1.2097e-04 5.7375e-07
8.6882e+00 1.3293e-04 5.9715e-07
8.7168e+00 1.3712e-04 6.0037e-07
8.7453e+00 1.2908e-04 6.0248e-07
8.7737e+00 1.2055e-04 5.4587e-07
8.8020e+00 1.1961e-04 5.9089e-07
8.8301e+00 1.3854e-04 5.6465e-07
8.8581e+00 1.4367e-04 5.7662e-07
8.8860e+00 1.3702e-04 5.9955e-07
8.9138e+00 1.2365e-04 6.0273e-07
8.9415e+00 1.1279e-04 6.1680e-07
8.9690e+00 1.1452e-04 6.3119e-07
8.9964e+00 1.2135e-04 6.3661e-07
9.0237e+00 1.2429e-04 6.5037e-07
9.0509e+00 1.2268e-04 6.5608e-07
9.0779e+00 1.2197e-04 6.6736e-07
9.1049e+00 1.2127e-04 6.1127e-07
9.1317e+00 1.1506e-04 6.8310e-07
9.1584e+00 1.1140e-04 6.5181e-07
9.1849e+00 1.1333e-04 6.6394e-07
9.2115e+00 1.2645e-04 6.9220e-07
9.2379e+00 1.3200e-04 6.7968e-07
9.2641e+00 1.2669e-04 6.9250e-07
9.2902e+00 1.1353e-04 6.9630e-07
9.3162e+00 1.0102e-04 6.8197e-07
9.3421e+00 9.9615e-05 6.6538e-07
9.3679e+00 1.1024e-04 6.9420e-07
9.3936e+00 1.2436e-04 6.8731e-07
9.4192e+00 1.4375e-04 7.4425e-07
9.4447e+00 1.3761e-04 7.3132e-07
9.4700e+00 1.1753e-04 7.1183e-07
9.4953e+00 1.0092e-04 7.2050e-07
9.5204e+00 9.7437e-05 7.1864e-07
9.5455e+00 1.0718e-04 7.7718e-07
9.5704e+00 1.3359e-04 8.1343e-07
9.5954e+00 1.5242e-04 8.1578e-07
9.6201e+00 1.5478e-04 8.1061e-07
9.6448e+00 1.2344e-04 7.9962e-07
9.6693e+00 1.1370e-04 7.8370e-07
9.6938e+00 9.8235e-05 8.0742e-07
9.7181e+00 1.1318e-04 8.1786e-07
9.7424e+00 1.4050e-04 8.2602e-07
9.7665e+00 1.6885e-04 8.4848e-07
9.7906e+00 1.9357e-04 8.9732e-07
9.8146e+00 1.9801e-04 9.0173e-07
9.8385e+00 1.7608e-04 8.8863e-07
9.8623e+00 1.3541e-04 8.7254e-07
9.8860e+00 1.1018e-04 8.8927e-07
9.9096e+00 1.2889e-04 8.9091e-07
9.9331e+00 1.6388e-04 9.4102e-07
9.9565e+00 2.0507e-04 9.7252e-07
9.9799e+00 2.3170e-04 1.0009e-06
1.0003e+01 2.3138e-04 9.5067e-07
1.0026e+01 2.0786e-04 9.1636e-07
1.0050e+01 1.7842e-04 8.9970e-07
1.0073e+01 1.5975e-04 8.9697e-07
1.0096e+01 1.6547e-04 9.9236e-07
1.0119e+01 2.0003e-04 1.0526e-06
1.0141e+01 2.4261e-04 1.0943e-06
1.0163e+01 2.6919e-04 1.0668e-06
1.0186e+01 2.7885e-04 1.0307e-06
1.0208e+01 2.7108e-04 1.0436e-06
1.0231e+01 2.4657e-04 1.0076e-06
1.0253e+01 2.1074e-04 1.0425e-06
1.0276e+01 1.6428e-04 1.0811e-06
1.0298e+01 1.1852e-04 1.0580e-06
1.0320e+01 8.0025e-05 9.9051e-07
1.0342e+01 4.9486e-05 9.6290e-07
1.0364e+01 3.6773e-05 9.6452e-07
1.0386e+01 4.2625e-05 1.0280e-06
1.0408e+01 5.7180e-05 1.0804e-06
1.0430e+01 7.7612e-05 1.0763e-06
1.0451e+01 9.0885e-05 1.1032e-06
1.0473e+01 8.2352e-05 1.1460e-06
1.0494e+01 9.3960e-05 1.0670e-06
1.0516e+01 8.8848e-05 1.1169e-06
1.0537e+01 9.9961e-05 1.1197e-06
1.0559e+01 1.0950e-04 1.1994e-06
1.0580e+01 1.2885e-04 1.2970e-06
1.0602e+01 1.3732e-04 1.3779e-06
1.0623e+01 1.2773e-04 1.3580e-06
1.0644e+01 1.1119e-04 1.3661e-06
1.0665e+01 8.4338e-05 1.3144e-06
1.0686e+01 5.9125e-05 1.3402e-06
1.0707e+01 3.9701e-05 1.3472e-06
1.0727e+01 2.4101e-05 1.3972e-06
1.0748e+01 2.7770e-05 1.3784e-06
1.0769e+01 3.3635e-05 1.4602e-06
1.0790e+01 5.0023e-05 1.5211e-06
1.0810e+01 6.7437e-05 1.5491e-06
1.0831e+01 8.4825e-05 1.4798e-06
1.0852e+01 1.0036e-04 1.5932e-06
1.0872e+01 1.2072e-04 1.5781e-06
1.0893e+01 1.3189e-04 1.6568e-06
1.0913e+01 1.4542e-04 1.6647e-06
1.0934e+01 1.4967e-04 1.7388e-06
1.0954e+01 1.4495e-04 1.8638e-06
1.0974e+01 1.4115e-04 1.9315e-06
1.0994e+01 1.3908e-04 1.9719e-06
1.1014e+01 1.3752e-04 1.8682e-06
1.1034e+01 1.6289e-04 1.8643e-06
1.1054e+01 1.9798e-04 2.0184e-06
1.1074e+01 2.1350e-04 2.0004e-06
1.1094e+01 2.3199e-04 2.0571e-06
1.1114e+01 2.2666e-04 1.9964e-06
1.1134e+01 2.2268e-04 2.0631e-06
1.1153e+01 2.1382e-04 2.0860e-06
1.1173e+01 1.8859e-04 2.1887e-06
1.1193e+01 1.6832e-04 2.2584e-06
1.1213e+01 1.5130e-04 2.3099e-06
1.1232e+01 1.3059e-04 2.3833e-06
1.1252e+01 1.3865e-04 2.4043e-06
1.1270e+01 1.5995e-04 2.4475e-06
1.1290e+01 1.9290e-04 2.5736e-06
1.1309e+01 2.1519e-04 2.6005e-06
1.1329e+01 2.1822e-04 2.6698e-06
1.1348e+01 2.2558e-04 2.5510e-06
1.1367e+01 2.3020e-04 2.6393e-06
1.1386e+01 2.2728e-04 2.6706e-06
1.1405e+01 2.2260e-04 2.6546e-06
1.1425e+01 1.9630e-04 2.5539e-06
1.1444e+01 1.7341e-04 2.6410e-06
1.1463e+01 1.5459e-04 2.5195e-06
1.1482e+01 1.3643e-04 2.6927e-06
1.1500e+01 1.4372e-04 2.7039e-06
1.1519e+01 1.3587e-04 2.7201e-06
1.1537e+01 1.4588e-04 2.5194e-06
1.1556e+01 1.6277e-04 2.7357e-06
1.1575e+01 1.9824e-04 2.7792e-06
1.1593e+01 2.3253e-04 3.0096e-06
1.1612e+01 2.1638e-04 3.2044e-06
1.1631e+01 2.1728e-04 3.1762e-06
1.1649e+01 2.0644e-04 3.1227e-06
1.1668e+01 1.7639e-04 3.1368e-06
1.1686e+01 1.4615e-04 3.3799e-06
1.1704e+01 1.3061e-04 3.3976e-06
1.1723e+01 9.1987e-05 3.4376e-06
1.1741e+01 1.1179e-04 3.7017e-06
1.1759e+01 1.2431e-04 3.7020e-06
1.1778e+01 1.4370e-04 3.9850e-06
1.1796e+01 1.6695e-04 3.7990e-06
1.1813e+01 1.8285e-04 3.7666e-06
1.1831e+01 1.8869e-04 3.8152e-06
1.1849e+01 1.9678e-04 4.0798e-06
1.1867e+01 1.9992e-04 4.3082e-06
1.1885e+01 2.0562e-04 4.3175e-06
1.1903e+01 2.1080e-04 4.4328e-06
1.1921e+01 2.0873e-04 4.4316e-06
1.1938e+01 1.9785e-04 4.3397e-06
1.1956e+01 1.7908e-04 4.6461e-06
1.1974e+01 1.4895e-04 4.5645e-06
