# Wavelength(micron)	Flux(Jy)	Flux_error(Jy)
9.5818e-01 1.5625e-04 2.0317e-06
9.7154e-01 2.1896e-04 2.2829e-06
9.8524e-01 2.8700e-04 2.6297e-06
9.9927e-01 3.5611e-04 2.9309e-06
1.0136e+00 4.5789e-04 3.3015e-06
1.0283e+00 5.8725e-04 3.8132e-06
1.0434e+00 7.2675e-04 4.3283e-06
1.0587e+00 8.8131e-04 4.9224e-06
1.0744e+00 9.6419e-04 5.2993e-06
1.0904e+00 8.3944e-04 4.7334e-06
1.1067e+00 5.1456e-04 3.3252e-06
1.1233e+00 3.2075e-04 2.3955e-06
1.1403e+00 2.8302e-04 2.1449e-06
1.1575e+00 2.7604e-04 2.0044e-06
1.1749e+00 3.6328e-04 2.4373e-06
1.1927e+00 6.3650e-04 3.4722e-06
1.2107e+00 9.9479e-04 4.7298e-06
1.2289e+00 1.2845e-03 4.7873e-06
1.2474e+00 1.5168e-03 4.5823e-06
1.2661e+00 1.8189e-03 5.0699e-06
1.2850e+00 1.9610e-03 7.2544e-06
1.3040e+00 1.7181e-03 6.1864e-06
1.3233e+00 1.0205e-03 4.2157e-06
1.3426e+00 3.1365e-04 2.1464e-06
1.3622e+00 5.9188e-05 1.2626e-06
1.3818e+00 4.4940e-05 1.1789e-06
1.4015e+00 4.6686e-05 1.2541e-06
1.4213e+00 5.6245e-05 1.3105e-06
1.4412e+00 9.4467e-05 1.4817e-06
1.4612e+00 1.6341e-04 1.7575e-06
1.4812e+00 2.3946e-04 2.0347e-06
1.5012e+00 3.7240e-04 2.5451e-06
1.5213e+00 6.1172e-04 3.3706e-06
1.5414e+00 9.4500e-04 4.3203e-06
1.5614e+00 1.3013e-03 5.0592e-06
1.5815e+00 1.4522e-03 5.2139e-06
1.6015e+00 1.1651e-03 4.6081e-06
1.6215e+00 6.8505e-04 3.5944e-06
1.6415e+00 5.0661e-04 3.2299e-06
1.6601e+00 4.6422e-04 3.4647e-06
1.6800e+00 4.2706e-04 3.2940e-06
1.6998e+00 4.2306e-04 3.2440e-06
1.7196e+00 4.2781e-04 3.4396e-06
1.7393e+00 3.9100e-04 3.2715e-06
1.7589e+00 3.1600e-04 3.0430e-06
1.7785e+00 2.3487e-04 2.6940e-06
1.7979e+00 1.6863e-04 2.3914e-06
1.8173e+00 1.3922e-04 2.2356e-06
1.8366e+00 1.3176e-04 2.2284e-06
1.8558e+00 1.1428e-04 2.1532e-06
1.8749e+00 1.4222e-04 2.3134e-06
1.8940e+00 1.9864e-04 2.5862e-06
1.9129e+00 2.0784e-04 2.6723e-06
1.9317e+00 1.8381e-04 2.5869e-06
1.9505e+00 1.7996e-04 2.6363e-06
1.9691e+00 2.2603e-04 2.9999e-06
1.9876e+00 2.9903e-04 3.2664e-06
2.0061e+00 3.8270e-04 3.5060e-06
2.0244e+00 5.0697e-04 4.0050e-06
2.0426e+00 6.2066e-04 4.4737e-06
2.0608e+00 7.0636e-04 4.7651e-06
2.0788e+00 7.4878e-04 4.8578e-06
2.0967e+00 7.6344e-04 4.8191e-06
2.1146e+00 7.3819e-04 4.7132e-06
2.1323e+00 6.8014e-04 4.5757e-06
2.1499e+00 5.9586e-04 4.3928e-06
2.1674e+00 4.9009e-04 4.1030e-06
2.1849e+00 3.7206e-04 3.6939e-06
2.2022e+00 2.1529e-04 3.0840e-06
2.2194e+00 1.5252e-04 2.8492e-06
2.2366e+00 1.2608e-04 2.7632e-06
2.2536e+00 9.5063e-05 2.7597e-06
2.2706e+00 9.0131e-05 2.6546e-06
2.2874e+00 7.7419e-05 2.5550e-06
2.3042e+00 8.7199e-05 2.5936e-06
2.3208e+00 7.9336e-05 2.5580e-06
2.3374e+00 6.1714e-05 2.4881e-06
2.3539e+00 7.0277e-05 2.5463e-06
2.3702e+00 7.3912e-05 2.6216e-06
2.3865e+00 7.8880e-05 2.6762e-06
2.4027e+00 1.0318e-04 2.7836e-06
2.4189e+00 1.2648e-04 2.8755e-06
2.4349e+00 1.4278e-04 3.0070e-06
2.4508e+00 1.5472e-04 3.1037e-06
2.4667e+00 1.6568e-04 3.1288e-06
2.4825e+00 1.6511e-04 3.1324e-06
2.4982e+00 1.6179e-04 3.1233e-06
2.5138e+00 1.4417e-04 3.0702e-06
2.5293e+00 1.2066e-04 3.0283e-06
2.5447e+00 1.0148e-04 2.9018e-06
2.5601e+00 8.9918e-05 2.8758e-06
2.5754e+00 8.6908e-05 2.9419e-06
2.5906e+00 8.3540e-05 2.8747e-06
2.6057e+00 9.5044e-05 2.9274e-06
2.6208e+00 1.2258e-04 3.1018e-06
2.6358e+00 1.6860e-04 3.4100e-06
2.6507e+00 1.7584e-04 3.4721e-06
2.6655e+00 1.0796e-04 3.1813e-06
2.6803e+00 7.3043e-05 2.9912e-06
2.6950e+00 9.4104e-05 3.0999e-06
2.7096e+00 1.0423e-04 3.1587e-06
2.7241e+00 1.2761e-04 3.3114e-06
2.7386e+00 1.5842e-04 3.5114e-06
2.7530e+00 1.5061e-04 3.4994e-06
2.7674e+00 1.2651e-04 3.4330e-06
2.7816e+00 1.2056e-04 3.4825e-06
2.7958e+00 1.3835e-04 3.5681e-06
2.8100e+00 1.5094e-04 3.7505e-06
2.8241e+00 1.6694e-04 3.9204e-06
2.8381e+00 1.7530e-04 4.0225e-06
2.8520e+00 1.7999e-04 4.0138e-06
2.8659e+00 1.9977e-04 4.0902e-06
2.8797e+00 2.3316e-04 4.2723e-06
2.8935e+00 2.5308e-04 4.4209e-06
2.9072e+00 2.7114e-04 4.5058e-06
2.9208e+00 3.0188e-04 4.6137e-06
2.9344e+00 3.4244e-04 4.8712e-06
2.9479e+00 3.5703e-04 4.9529e-06
2.9614e+00 3.6331e-04 4.9271e-06
2.9748e+00 3.8451e-04 5.0116e-06
2.9882e+00 4.1849e-04 5.2076e-06
3.0015e+00 4.1469e-04 5.2981e-06
3.0147e+00 4.3831e-04 5.5356e-06
3.0279e+00 4.8008e-04 5.6936e-06
3.0410e+00 4.5563e-04 5.5773e-06
3.0541e+00 4.2263e-04 5.3562e-06
3.0671e+00 3.8549e-04 5.2601e-06
3.0801e+00 3.3665e-04 5.0765e-06
3.0930e+00 2.7855e-04 4.7758e-06
3.1059e+00 2.4897e-04 4.7703e-06
3.1187e+00 2.1260e-04 4.6360e-06
3.1314e+00 1.7162e-04 4.4629e-06
3.1442e+00 1.3870e-04 4.2232e-06
3.1568e+00 1.1482e-04 4.1768e-06
3.1694e+00 9.7202e-05 4.0930e-06
3.1820e+00 9.1719e-05 4.0929e-06
3.1945e+00 8.3933e-05 4.1511e-06
3.2070e+00 8.0510e-05 4.1401e-06
3.2194e+00 8.2314e-05 4.1429e-06
3.2318e+00 8.5707e-05 4.1876e-06
3.2441e+00 9.4898e-05 4.2801e-06
3.2564e+00 1.0453e-04 4.2494e-06
3.2687e+00 1.2165e-04 4.4369e-06
3.2809e+00 1.5414e-04 4.7346e-06
3.2930e+00 1.6952e-04 4.7524e-06
3.3051e+00 1.4243e-04 4.6416e-06
3.3172e+00 6.8888e-05 4.2373e-06
3.3292e+00 3.7220e-05 4.1275e-06
3.3412e+00 5.7931e-05 4.3402e-06
3.3531e+00 8.6735e-05 4.6587e-06
3.3650e+00 1.1682e-04 4.6930e-06
3.3769e+00 1.2505e-04 4.7761e-06
3.3887e+00 1.1684e-04 4.7967e-06
3.4005e+00 1.1219e-04 4.7894e-06
3.4122e+00 1.1815e-04 4.7667e-06
3.4239e+00 1.2120e-04 4.8847e-06
3.4348e+00 1.1358e-04 4.8361e-06
3.4464e+00 1.1218e-04 4.8645e-06
3.4579e+00 1.1829e-04 4.9858e-06
3.4695e+00 1.2265e-04 5.0360e-06
3.4810e+00 1.3263e-04 5.0474e-06
3.4924e+00 1.4302e-04 5.1313e-06
3.5039e+00 1.5910e-04 5.2445e-06
3.5152e+00 1.6682e-04 5.3224e-06
3.5266e+00 1.8708e-04 5.5603e-06
3.5379e+00 1.8719e-04 5.6483e-06
3.5492e+00 2.0081e-04 5.7149e-06
3.5604e+00 2.2790e-04 5.8538e-06
3.5716e+00 2.4724e-04 6.2777e-06
3.5828e+00 2.6170e-04 6.2910e-06
3.5939e+00 2.8477e-04 6.1900e-06
3.6050e+00 3.0455e-04 6.3820e-06
3.6161e+00 3.2200e-04 6.4689e-06
3.6271e+00 3.6024e-04 6.8051e-06
3.6381e+00 4.0160e-04 6.9542e-06
3.6491e+00 4.4156e-04 7.1999e-06
3.6600e+00 5.0379e-04 7.4438e-06
3.6709e+00 5.3856e-04 7.4142e-06
3.6818e+00 5.7320e-04 7.6962e-06
3.6926e+00 6.0676e-04 7.9291e-06
3.7034e+00 6.3513e-04 7.9790e-06
3.7142e+00 6.7501e-04 8.2533e-06
3.7249e+00 6.7359e-04 8.4116e-06
3.7356e+00 7.2538e-04 8.5578e-06
3.7463e+00 7.7933e-04 8.7894e-06
3.7569e+00 8.5742e-04 9.1745e-06
3.7675e+00 8.5357e-04 9.0451e-06
3.7781e+00 8.0899e-04 8.9482e-06
3.7887e+00 8.1578e-04 9.2128e-06
3.7992e+00 8.6469e-04 9.5541e-06
3.8097e+00 9.9639e-04 9.9733e-06
3.8201e+00 1.0721e-03 1.0209e-05
3.8306e+00 1.1498e-03 1.0626e-05
3.8410e+00 1.0699e-03 1.0489e-05
3.8514e+00 1.0282e-03 1.0353e-05
3.8617e+00 1.1129e-03 1.0610e-05
3.8720e+00 1.1945e-03 1.0916e-05
3.8823e+00 1.2074e-03 1.1058e-05
3.8926e+00 1.2282e-03 1.1067e-05
3.9028e+00 1.2851e-03 1.1505e-05
3.9130e+00 1.3021e-03 1.1526e-05
3.9232e+00 1.3265e-03 1.1552e-05
3.9333e+00 1.3897e-03 1.1825e-05
3.9434e+00 1.4507e-03 1.2106e-05
3.9535e+00 1.4929e-03 1.2189e-05
3.9636e+00 1.5169e-03 1.2434e-05
3.9737e+00 1.5052e-03 1.2351e-05
3.9837e+00 1.5363e-03 1.2746e-05
3.9937e+00 1.6327e-03 1.3098e-05
4.0036e+00 1.6661e-03 1.3237e-05
4.0136e+00 1.6690e-03 1.3283e-05
4.0235e+00 1.7572e-03 1.3752e-05
4.0334e+00 1.7308e-03 1.3446e-05
4.0432e+00 1.7790e-03 1.3838e-05
4.0531e+00 1.8244e-03 1.4053e-05
4.0629e+00 1.8723e-03 1.4200e-05
4.0727e+00 1.8811e-03 1.4226e-05
4.0824e+00 1.8642e-03 1.4132e-05
4.0922e+00 1.9416e-03 1.4492e-05
4.1019e+00 1.9269e-03 1.4627e-05
4.1116e+00 1.8809e-03 1.4421e-05
4.1212e+00 1.8738e-03 1.4503e-05
4.1309e+00 1.9023e-03 1.4662e-05
4.1405e+00 1.9080e-03 1.4976e-05
4.1501e+00 1.8810e-03 1.4995e-05
4.1597e+00 1.8289e-03 1.4895e-05
4.1692e+00 1.8312e-03 1.4869e-05
4.1787e+00 1.7458e-03 1.4523e-05
4.1882e+00 1.5643e-03 1.3874e-05
4.1977e+00 1.5011e-03 1.3759e-05
4.2072e+00 1.4029e-03 1.3418e-05
4.2166e+00 1.2261e-03 1.2948e-05
4.2260e+00 1.1114e-03 1.2402e-05
4.2354e+00 1.0887e-03 1.2339e-05
4.2448e+00 1.0867e-03 1.2377e-05
4.2542e+00 1.1103e-03 1.2366e-05
4.2635e+00 1.1581e-03 1.2662e-05
4.2728e+00 1.1088e-03 1.2650e-05
4.2821e+00 1.1446e-03 1.2988e-05
4.2913e+00 1.1824e-03 1.2961e-05
4.3006e+00 1.1197e-03 1.2786e-05
4.3098e+00 1.0903e-03 1.2510e-05
4.3190e+00 1.1474e-03 1.2774e-05
4.3282e+00 1.1960e-03 1.2993e-05
4.3373e+00 1.1538e-03 1.3183e-05
4.3465e+00 1.1188e-03 1.2949e-05
4.3556e+00 1.1581e-03 1.3219e-05
4.3647e+00 1.2377e-03 1.3399e-05
4.3738e+00 1.2748e-03 1.3579e-05
4.3828e+00 1.2569e-03 1.3624e-05
4.3919e+00 1.1638e-03 1.3388e-05
4.4009e+00 1.1122e-03 1.3327e-05
4.4099e+00 1.2371e-03 1.3940e-05
4.4189e+00 1.2245e-03 1.3841e-05
4.4278e+00 1.0316e-03 1.3316e-05
4.4368e+00 9.1524e-04 1.2793e-05
4.4457e+00 9.7523e-04 1.3017e-05
4.4546e+00 9.8364e-04 1.3019e-05
4.4635e+00 9.3798e-04 1.2972e-05
4.4723e+00 8.5849e-04 1.2768e-05
4.4812e+00 8.1287e-04 1.2553e-05
4.4900e+00 7.9739e-04 1.2500e-05
4.4988e+00 7.8134e-04 1.2952e-05
4.5076e+00 7.5820e-04 1.2549e-05
4.5164e+00 6.8137e-04 1.2292e-05
4.5251e+00 6.4843e-04 1.2422e-05
4.5339e+00 6.4608e-04 1.2239e-05
4.5426e+00 6.4055e-04 1.2179e-05
4.5513e+00 6.4849e-04 1.2286e-05
4.5600e+00 6.3761e-04 1.2205e-05
4.5686e+00 6.1615e-04 1.2334e-05
4.5773e+00 5.9978e-04 1.2291e-05
4.5859e+00 6.5653e-04 1.2505e-05
4.5945e+00 6.9026e-04 1.2862e-05
4.6031e+00 6.7556e-04 1.2898e-05
4.6117e+00 6.6320e-04 1.2672e-05
4.6202e+00 6.6880e-04 1.2896e-05
4.6288e+00 6.8327e-04 1.3110e-05
4.6373e+00 7.2434e-04 1.3336e-05
4.6458e+00 7.5853e-04 1.3726e-05
4.6543e+00 8.0479e-04 1.4232e-05
4.6628e+00 9.5526e-04 1.5004e-05
4.6712e+00 9.9140e-04 1.4650e-05
4.6797e+00 8.8629e-04 1.4301e-05
4.6881e+00 9.1655e-04 1.4442e-05
4.6965e+00 9.2173e-04 1.4549e-05
4.7049e+00 8.5085e-04 1.4223e-05
4.7133e+00 7.5854e-04 1.3986e-05
4.7216e+00 7.5256e-04 1.3951e-05
4.7300e+00 7.1406e-04 1.3832e-05
4.7383e+00 7.3706e-04 1.3929e-05
4.7466e+00 7.9736e-04 1.4252e-05
4.7549e+00 8.1046e-04 1.4746e-05
4.7632e+00 7.3031e-04 1.4614e-05
4.7715e+00 7.0827e-04 1.4147e-05
4.7797e+00 6.7854e-04 1.4087e-05
4.7880e+00 6.3152e-04 1.4174e-05
4.7962e+00 7.3363e-04 1.4604e-05
4.8044e+00 8.0754e-04 1.4834e-05
4.8126e+00 7.7547e-04 1.4792e-05
4.8207e+00 7.4041e-04 1.4737e-05
4.8289e+00 7.9474e-04 1.5235e-05
4.8371e+00 7.4660e-04 1.4773e-05
4.8452e+00 7.4528e-04 1.5118e-05
4.8533e+00 7.6879e-04 1.5361e-05
4.8614e+00 8.3537e-04 1.5902e-05
4.8695e+00 8.4670e-04 1.5706e-05
4.8776e+00 8.3805e-04 1.5747e-05
4.8856e+00 8.7991e-04 1.6032e-05
4.8936e+00 8.3316e-04 1.6001e-05
4.9017e+00 8.1368e-04 1.6131e-05
4.9097e+00 8.4738e-04 1.6349e-05
4.9177e+00 8.8832e-04 1.6358e-05
4.9257e+00 8.7802e-04 1.6224e-05
4.9336e+00 8.2807e-04 1.6240e-05
4.9416e+00 8.4750e-04 1.6382e-05
4.9495e+00 8.0159e-04 1.6163e-05
4.9575e+00 6.9676e-04 1.5818e-05
4.9654e+00 8.0264e-04 1.6400e-05
4.9733e+00 9.3012e-04 1.7288e-05
4.9812e+00 9.6890e-04 1.7363e-05
4.9890e+00 9.8374e-04 1.7209e-05
4.9969e+00 9.6559e-04 1.7367e-05
5.0047e+00 9.7161e-04 1.7338e-05
5.0126e+00 8.8523e-04 1.7121e-05
5.0204e+00 7.3162e-04 1.6652e-05
5.0282e+00 7.9273e-04 1.7355e-05
5.0360e+00 9.3680e-04 1.7854e-05
5.0438e+00 9.3924e-04 1.8812e-05
5.0515e+00 1.0068e-03 1.8993e-05
5.0593e+00 9.9212e-04 1.8543e-05
5.0670e+00 1.0465e-03 1.8981e-05
5.0748e+00 1.0383e-03 1.9200e-05
5.0825e+00 8.4168e-04 1.8331e-05
5.0902e+00 9.2484e-04 1.9658e-05
5.0979e+00 1.0328e-03 1.9362e-05
5.1055e+00 9.6215e-04 1.9016e-05
5.1132e+00 8.6870e-04 1.8790e-05
5.1208e+00 9.8631e-04 1.9559e-05
5.1285e+00 8.9913e-04 1.9601e-05
5.1361e+00 7.4068e-04 1.9358e-05
5.1437e+00 6.1541e-04 1.8342e-05
5.1513e+00 6.7966e-04 1.8781e-05
5.1589e+00 7.8467e-04 1.9240e-05
5.1665e+00 7.9965e-04 1.9215e-05
5.1740e+00 7.7443e-04 1.9496e-05
5.1816e+00 8.7523e-04 2.0215e-05
5.1891e+00 9.2075e-04 2.0662e-05
5.2284e+00 7.9122e-04 3.3141e-06
5.2903e+00 7.6021e-04 3.2513e-06
5.3511e+00 7.0810e-04 3.1515e-06
5.4106e+00 6.3203e-04 3.0360e-06
5.4690e+00 5.7141e-04 3.0282e-06
5.5264e+00 5.4200e-04 3.0674e-06
5.5829e+00 4.9942e-04 3.0233e-06
5.6386e+00 4.8822e-04 2.9929e-06
5.6933e+00 4.7242e-04 2.9874e-06
5.7472e+00 4.5237e-04 2.8972e-06
5.8004e+00 4.5814e-04 2.9873e-06
5.8528e+00 4.4192e-04 3.0297e-06
5.9043e+00 4.2812e-04 3.0559e-06
5.9552e+00 4.5174e-04 3.0342e-06
6.0053e+00 4.8245e-04 3.2824e-06
6.0547e+00 5.1045e-04 2.9282e-06
6.1035e+00 5.0700e-04 3.3681e-06
6.1516e+00 5.1944e-04 3.3644e-06
6.1990e+00 5.7247e-04 3.4917e-06
6.2459e+00 6.1289e-04 3.5550e-06
6.2921e+00 6.6174e-04 3.7101e-06
6.3378e+00 6.0635e-04 3.5717e-06
6.3830e+00 5.1927e-04 3.4092e-06
6.4276e+00 4.2959e-04 3.2061e-06
6.5587e+00 3.4461e-04 3.1027e-06
6.6016e+00 3.4052e-04 3.1116e-06
6.6440e+00 3.6700e-04 3.2775e-06
6.6861e+00 4.0210e-04 3.4183e-06
6.7277e+00 4.3539e-04 3.5745e-06
6.7691e+00 4.1642e-04 3.6305e-06
6.8100e+00 4.0392e-04 3.3953e-06
6.8507e+00 4.0732e-04 3.3841e-06
6.8911e+00 4.6332e-04 3.7387e-06
6.9310e+00 4.7799e-04 3.9216e-06
6.9707e+00 4.9910e-04 3.4084e-06
7.0101e+00 4.3845e-04 3.7645e-06
7.0490e+00 4.2208e-04 3.7013e-06
7.0878e+00 4.0204e-04 3.6603e-06
7.1262e+00 4.0522e-04 3.7271e-06
7.1643e+00 3.7722e-04 3.5737e-06
7.2022e+00 3.6331e-04 3.6250e-06
7.2396e+00 3.3349e-04 3.5702e-06
7.2769e+00 3.2337e-04 3.6083e-06
7.3138e+00 3.0976e-04 3.5073e-06
7.3505e+00 2.9331e-04 3.5581e-06
7.3869e+00 2.9090e-04 3.5386e-06
7.4230e+00 2.9030e-04 3.6047e-06
7.4588e+00 3.0598e-04 3.6105e-06
7.4944e+00 3.1791e-04 3.7419e-06
7.5297e+00 3.2809e-04 3.7875e-06
7.5648e+00 3.4336e-04 3.8628e-06
7.5996e+00 3.5443e-04 3.8479e-06
7.6342e+00 3.2894e-04 3.6659e-06
7.6685e+00 2.9060e-04 3.6605e-06
7.7027e+00 2.4239e-04 3.6285e-06
7.7365e+00 2.4730e-04 3.5988e-06
7.7702e+00 2.6822e-04 3.7108e-06
7.8036e+00 2.9377e-04 3.8705e-06
7.8367e+00 3.0521e-04 3.8881e-06
7.8698e+00 3.1787e-04 3.8467e-06
7.9025e+00 3.3721e-04 3.9678e-06
7.9351e+00 3.5226e-04 3.9893e-06
7.9674e+00 3.6622e-04 4.1483e-06
7.9996e+00 3.5342e-04 4.1272e-06
8.0316e+00 3.4322e-04 4.1943e-06
8.0633e+00 3.7107e-04 4.2629e-06
8.0950e+00 3.5023e-04 4.3187e-06
8.1264e+00 3.8669e-04 4.4404e-06
8.1576e+00 3.9282e-04 4.5837e-06
8.1887e+00 3.9310e-04 4.6481e-06
8.2196e+00 3.9017e-04 4.8060e-06
8.2504e+00 4.1741e-04 4.9167e-06
8.2809e+00 4.5817e-04 4.5992e-06
8.3114e+00 4.2926e-04 5.0461e-06
8.3417e+00 4.3219e-04 5.4829e-06
8.3719e+00 4.2467e-04 5.8195e-06
8.4018e+00 4.5714e-04 5.9079e-06
8.4316e+00 4.8041e-04 5.5944e-06
8.4614e+00 4.9447e-04 5.4146e-06
8.4911e+00 4.9643e-04 5.3462e-06
8.5205e+00 4.9577e-04 5.3934e-06
8.5498e+00 5.2414e-04 5.4109e-06
8.5789e+00 5.4387e-04 5.5754e-06
8.6080e+00 5.4388e-04 5.6252e-06
8.6369e+00 5.5813e-04 5.7487e-06
8.6657e+00 5.8694e-04 5.8656e-06
8.6943e+00 6.0913e-04 6.1637e-06
8.7229e+00 6.1087e-04 6.0537e-06
8.7513e+00 6.0046e-04 6.1482e-06
8.7796e+00 5.8370e-04 5.8836e-06
8.8077e+00 6.1840e-04 6.2172e-06
8.8358e+00 6.1692e-04 6.1621e-06
8.8636e+00 6.6715e-04 6.4822e-06
8.8914e+00 6.7693e-04 6.5003e-06
8.9191e+00 6.8108e-04 6.5386e-06
8.9466e+00 6.6426e-04 6.6313e-06
8.9740e+00 6.9162e-04 6.7404e-06
9.0013e+00 7.0529e-04 6.7851e-06
9.0284e+00 7.1564e-04 6.9602e-06
9.0555e+00 7.2592e-04 6.8694e-06
9.0824e+00 7.1566e-04 7.1159e-06
9.1092e+00 7.3658e-04 6.5410e-06
9.1358e+00 7.3001e-04 7.1584e-06
9.1624e+00 7.4351e-04 7.1650e-06
9.1889e+00 7.5964e-04 7.3481e-06
9.2153e+00 7.8660e-04 7.4975e-06
9.2415e+00 7.9902e-04 7.5030e-06
9.2676e+00 8.2201e-04 7.7285e-06
9.2936e+00 7.9753e-04 7.6422e-06
9.3195e+00 7.6566e-04 7.4284e-06
9.3453e+00 8.0486e-04 7.7402e-06
9.3710e+00 7.8987e-04 7.8233e-06
9.3966e+00 7.9740e-04 7.8025e-06
9.4221e+00 7.7766e-04 7.7516e-06
9.4473e+00 7.7840e-04 7.8259e-06
9.4726e+00 7.7318e-04 7.8769e-06
9.4978e+00 8.4472e-04 8.1405e-06
9.5228e+00 8.5861e-04 8.2804e-06
9.5478e+00 8.6623e-04 8.4274e-06
9.5726e+00 8.6533e-04 8.2397e-06
9.5974e+00 8.3151e-04 8.4251e-06
9.6220e+00 8.4879e-04 8.4026e-06
9.6465e+00 7.9768e-04 8.5274e-06
9.6710e+00 8.0398e-04 8.2470e-06
9.6953e+00 8.1610e-04 8.6863e-06
9.7196e+00 8.4524e-04 8.6634e-06
9.7437e+00 8.6174e-04 8.9483e-06
9.7678e+00 8.8386e-04 8.8965e-06
9.7918e+00 8.7996e-04 9.0679e-06
9.8156e+00 8.5186e-04 8.9264e-06
9.8394e+00 8.3563e-04 9.0276e-06
9.8631e+00 7.9086e-04 9.0029e-06
9.8867e+00 7.7993e-04 9.3618e-06
9.9102e+00 8.0621e-04 8.9939e-06
9.9336e+00 8.3748e-04 9.3320e-06
9.9569e+00 9.2810e-04 9.6084e-06
9.9801e+00 9.1820e-04 9.7274e-06
1.0003e+01 9.1477e-04 9.8369e-06
1.0026e+01 8.8250e-04 1.0002e-05
1.0049e+01 8.5696e-04 9.8219e-06
1.0073e+01 8.8008e-04 9.2760e-06
1.0095e+01 8.5003e-04 1.0079e-05
1.0118e+01 8.7593e-04 1.0471e-05
1.0140e+01 9.3008e-04 1.0502e-05
1.0163e+01 9.4052e-04 1.0816e-05
1.0186e+01 9.4192e-04 1.0896e-05
1.0207e+01 9.5239e-04 1.0976e-05
1.0230e+01 9.1083e-04 1.0779e-05
1.0252e+01 8.8500e-04 1.0965e-05
1.0275e+01 8.0938e-04 1.0778e-05
1.0297e+01 7.3018e-04 1.0691e-05
1.0319e+01 6.5499e-04 1.0433e-05
1.0340e+01 5.1218e-04 1.0726e-05
1.0362e+01 4.8901e-04 1.0475e-05
1.0384e+01 4.9424e-04 1.1081e-05
1.0406e+01 5.0492e-04 1.0734e-05
1.0428e+01 5.2107e-04 1.1167e-05
1.0449e+01 5.3718e-04 1.1241e-05
1.0471e+01 5.3024e-04 1.2229e-05
1.0492e+01 6.0162e-04 1.1992e-05
1.0514e+01 5.8376e-04 1.2119e-05
1.0535e+01 5.9112e-04 1.2277e-05
1.0557e+01 6.4776e-04 1.2555e-05
1.0577e+01 6.2514e-04 1.2546e-05
1.0599e+01 6.6429e-04 1.3006e-05
1.0620e+01 6.8290e-04 1.3078e-05
1.0641e+01 6.6765e-04 1.3580e-05
1.0662e+01 6.4205e-04 1.3055e-05
1.0682e+01 5.5722e-04 1.3419e-05
1.0703e+01 5.4453e-04 1.3559e-05
1.0724e+01 5.4877e-04 1.3878e-05
1.0745e+01 5.4991e-04 1.3494e-05
1.0766e+01 5.8217e-04 1.4595e-05
1.0787e+01 5.6949e-04 1.4660e-05
1.0806e+01 5.8525e-04 1.4878e-05
1.0827e+01 6.6112e-04 1.5283e-05
1.0848e+01 5.8179e-04 1.5418e-05
1.0868e+01 6.3184e-04 1.5711e-05
1.0889e+01 5.9624e-04 1.6164e-05
1.0909e+01 5.9911e-04 1.5676e-05
1.0929e+01 7.1288e-04 1.5963e-05
1.0949e+01 6.1649e-04 1.6993e-05
1.0969e+01 5.5145e-04 1.7308e-05
1.0989e+01 5.1808e-04 1.7506e-05
1.1010e+01 6.0271e-04 1.8203e-05
1.1030e+01 6.5315e-04 1.7503e-05
1.1049e+01 6.6857e-04 1.8954e-05
1.1069e+01 6.5192e-04 1.9476e-05
1.1089e+01 7.2676e-04 2.0306e-05
1.1109e+01 7.4681e-04 1.9781e-05
1.1129e+01 7.7869e-04 2.0979e-05
1.1148e+01 7.6209e-04 2.0359e-05
1.1167e+01 7.4010e-04 2.0871e-05
1.1187e+01 7.0692e-04 2.0624e-05
1.1207e+01 6.9536e-04 2.2489e-05
1.1226e+01 7.3887e-04 2.2542e-05
1.1246e+01 6.6391e-04 2.2676e-05
1.1265e+01 6.9607e-04 2.2987e-05
1.1284e+01 6.9017e-04 2.3955e-05
1.1303e+01 7.0732e-04 2.3488e-05
1.1322e+01 7.3125e-04 2.4817e-05
1.1342e+01 7.8750e-04 2.4881e-05
1.1361e+01 6.4450e-04 2.5134e-05
1.1380e+01 7.8254e-04 2.5452e-05
1.1398e+01 7.7266e-04 2.6397e-05
1.1418e+01 8.3071e-04 2.4814e-05
1.1437e+01 7.6915e-04 2.6652e-05
1.1456e+01 7.3509e-04 2.5565e-05
1.1475e+01 7.0621e-04 2.7018e-05
1.1493e+01 7.0829e-04 2.6697e-05
1.1512e+01 7.2171e-04 2.7937e-05
1.1530e+01 5.9175e-04 2.5918e-05
1.1549e+01 6.0249e-04 2.8052e-05
1.1568e+01 5.5171e-04 2.8466e-05
1.1586e+01 6.8943e-04 2.9724e-05
1.1605e+01 6.6409e-04 2.9248e-05
1.1624e+01 6.8491e-04 3.0254e-05
1.1641e+01 5.9490e-04 2.9732e-05
1.1660e+01 5.5680e-04 2.9658e-05
1.1678e+01 6.6104e-04 3.3119e-05
1.1696e+01 5.6602e-04 3.2802e-05
1.1715e+01 5.1820e-04 3.3466e-05
1.1733e+01 6.1148e-04 3.5239e-05
1.1751e+01 4.9482e-04 3.4984e-05
1.1768e+01 4.5972e-04 3.5163e-05
1.1787e+01 5.2977e-04 3.6049e-05
1.1805e+01 6.2974e-04 3.9060e-05
1.1823e+01 5.4292e-04 3.8782e-05
1.1841e+01 7.4645e-04 4.2262e-05
1.1859e+01 6.9213e-04 4.1073e-05
1.1876e+01 6.6292e-04 4.3016e-05
1.1894e+01 6.9471e-04 4.1620e-05
1.1912e+01 7.4078e-04 4.5817e-05
1.1929e+01 6.4451e-04 4.4868e-05
1.1947e+01 5.3418e-04 4.6138e-05
1.1965e+01 6.5489e-04 4.5010e-05
