# Wavelength(micron)	Flux(Jy)	Flux_error(Jy)
9.5401e-01 1.3578e-05 9.7347e-07
9.6728e-01 1.9978e-05 9.7891e-07
9.8087e-01 2.8635e-05 1.0431e-06
9.9480e-01 4.4540e-05 1.0993e-06
1.0091e+00 6.4723e-05 1.1590e-06
1.0237e+00 8.8603e-05 1.2833e-06
1.0386e+00 1.2130e-04 1.4204e-06
1.0538e+00 1.5225e-04 1.5435e-06
1.0694e+00 1.7649e-04 1.6284e-06
1.0853e+00 1.6450e-04 1.5602e-06
1.1015e+00 8.5237e-05 1.1862e-06
1.1181e+00 3.3587e-05 8.8936e-07
1.1349e+00 1.7379e-05 7.7676e-07
1.1520e+00 1.5299e-05 7.4959e-07
1.1694e+00 1.7513e-05 7.5344e-07
1.1871e+00 3.9782e-05 8.7716e-07
1.2050e+00 8.9832e-05 1.1249e-06
1.2232e+00 1.5200e-04 1.4359e-06
1.2416e+00 2.4626e-04 1.7365e-06
1.2602e+00 3.2167e-04 1.9489e-06
1.2790e+00 3.4783e-04 2.0405e-06
1.2980e+00 2.6287e-04 1.7740e-06
1.3172e+00 1.5776e-04 1.3865e-06
1.3365e+00 5.5929e-05 1.0100e-06
1.3560e+00 1.0349e-05 7.5639e-07
1.3756e+00 2.6120e-06 7.6746e-07
1.3953e+00 1.8915e-06 7.8643e-07
1.4151e+00 2.8735e-06 7.8343e-07
1.4349e+00 6.9575e-06 8.0532e-07
1.4549e+00 1.3002e-05 8.5683e-07
1.4749e+00 2.1850e-05 9.1917e-07
1.4949e+00 3.7693e-05 1.0511e-06
1.5149e+00 6.7700e-05 1.1909e-06
1.5350e+00 1.2523e-04 1.4832e-06
1.5551e+00 2.0221e-04 1.7856e-06
1.5751e+00 2.6262e-04 2.0038e-06
1.5952e+00 2.3996e-04 1.9451e-06
1.6152e+00 1.2141e-04 1.5538e-06
1.6352e+00 5.0346e-05 1.2909e-06
1.6551e+00 3.8615e-05 1.2269e-06
1.6750e+00 3.3066e-05 1.2295e-06
1.6948e+00 3.1570e-05 1.2029e-06
1.7146e+00 3.0383e-05 1.2757e-06
1.7343e+00 3.3297e-05 1.2952e-06
1.7540e+00 3.1616e-05 1.3095e-06
1.7735e+00 2.7001e-05 1.3005e-06
1.7930e+00 2.2524e-05 1.2809e-06
1.8124e+00 1.7700e-05 1.3001e-06
1.8304e+00 1.4230e-05 1.2735e-06
1.8497e+00 1.3093e-05 1.2729e-06
1.8688e+00 1.4061e-05 1.2891e-06
1.8879e+00 2.4403e-05 1.3895e-06
1.9068e+00 2.7970e-05 1.4252e-06
1.9257e+00 2.5774e-05 1.4307e-06
1.9444e+00 2.3372e-05 1.4315e-06
1.9631e+00 2.8043e-05 1.4739e-06
1.9817e+00 4.0105e-05 1.5635e-06
2.0001e+00 6.2045e-05 1.7106e-06
2.0185e+00 8.5131e-05 1.8467e-06
2.0368e+00 1.1095e-04 1.9770e-06
2.0549e+00 1.3271e-04 2.1182e-06
2.0730e+00 1.4880e-04 2.1856e-06
2.0909e+00 1.5605e-04 2.2110e-06
2.1088e+00 1.4933e-04 2.2137e-06
2.1265e+00 1.2635e-04 2.1275e-06
2.1442e+00 1.0056e-04 2.0074e-06
2.1618e+00 7.7875e-05 1.9750e-06
2.1792e+00 5.8457e-05 1.8462e-06
2.1966e+00 3.0283e-05 1.7308e-06
2.2138e+00 1.4576e-05 1.6746e-06
2.2310e+00 1.1481e-05 1.7459e-06
2.2481e+00 8.7463e-06 1.6656e-06
2.2650e+00 4.3437e-06 1.6339e-06
2.2819e+00 6.1910e-06 1.6732e-06
2.2987e+00 5.3154e-06 1.6701e-06
2.3154e+00 6.7234e-06 1.6747e-06
2.3319e+00 5.2107e-06 1.6767e-06
2.3484e+00 3.5814e-06 1.6740e-06
2.3649e+00 3.9806e-06 1.7213e-06
2.3812e+00 4.8101e-06 1.7134e-06
2.3974e+00 6.9566e-06 1.7351e-06
2.4135e+00 1.2229e-05 1.7834e-06
2.4296e+00 1.3574e-05 1.7977e-06
2.4456e+00 1.6442e-05 1.8256e-06
2.4615e+00 2.0697e-05 1.8848e-06
2.4773e+00 2.2864e-05 1.9347e-06
2.4930e+00 2.6099e-05 1.9255e-06
2.5086e+00 2.4635e-05 1.9864e-06
2.5241e+00 1.7632e-05 1.8704e-06
2.5396e+00 1.5956e-05 1.8273e-06
2.5550e+00 1.1280e-05 1.8571e-06
2.5703e+00 7.2595e-06 1.8559e-06
2.5855e+00 7.6843e-06 1.8836e-06
2.6007e+00 8.4059e-06 1.9015e-06
2.6158e+00 1.1583e-05 1.9380e-06
2.6308e+00 2.0536e-05 2.0392e-06
2.6457e+00 2.0711e-05 2.0875e-06
2.6605e+00 1.7945e-05 2.0682e-06
2.6753e+00 4.6187e-06 2.0153e-06
2.6900e+00 8.9719e-06 2.0408e-06
2.7047e+00 1.5953e-05 2.1099e-06
2.7192e+00 1.6370e-05 2.1530e-06
2.7337e+00 2.0579e-05 2.2009e-06
2.7482e+00 1.9925e-05 2.2234e-06
2.7625e+00 1.6711e-05 2.2451e-06
2.7768e+00 1.3390e-05 2.3322e-06
2.7910e+00 1.5861e-05 2.3171e-06
2.8052e+00 2.0577e-05 2.3794e-06
2.8193e+00 2.3316e-05 2.3871e-06
2.8333e+00 2.7491e-05 2.3783e-06
2.8473e+00 2.9568e-05 2.3951e-06
2.8612e+00 3.4748e-05 2.5778e-06
2.8750e+00 4.1209e-05 2.6420e-06
2.8888e+00 4.4266e-05 2.6036e-06
2.9025e+00 5.2905e-05 2.6509e-06
2.9162e+00 5.6429e-05 2.7760e-06
2.9298e+00 6.6631e-05 2.8427e-06
2.9433e+00 8.3145e-05 2.9038e-06
2.9568e+00 8.1758e-05 2.8939e-06
2.9702e+00 8.3086e-05 2.9256e-06
2.9836e+00 9.2479e-05 3.0082e-06
2.9969e+00 8.7966e-05 3.0606e-06
3.0101e+00 8.5231e-05 3.1102e-06
3.0233e+00 1.0823e-04 3.2030e-06
3.0365e+00 1.1217e-04 3.1612e-06
3.0496e+00 1.0252e-04 3.1472e-06
3.0626e+00 9.4330e-05 3.0917e-06
3.0756e+00 8.1862e-05 3.0164e-06
3.0885e+00 7.3898e-05 3.0914e-06
3.1014e+00 6.1659e-05 2.9931e-06
3.1142e+00 5.4332e-05 2.9455e-06
3.1270e+00 3.9252e-05 2.8458e-06
3.1397e+00 2.9298e-05 2.8117e-06
3.1524e+00 2.2720e-05 2.7579e-06
3.1650e+00 1.4680e-05 2.8153e-06
3.1776e+00 9.4417e-06 2.9718e-06
3.1902e+00 1.5605e-05 2.8494e-06
3.2026e+00 1.3026e-05 2.8577e-06
3.2151e+00 1.4040e-05 2.8239e-06
3.2275e+00 1.3425e-05 2.8619e-06
3.2398e+00 8.8440e-06 2.8921e-06
3.2521e+00 1.1430e-05 2.9789e-06
3.2644e+00 1.6938e-05 2.9711e-06
3.2766e+00 1.7778e-05 2.9891e-06
3.2887e+00 1.9633e-05 3.0076e-06
3.3009e+00 1.8738e-05 3.0020e-06
3.3129e+00 9.8160e-06 3.0409e-06
3.3250e+00 -4.6414e-07 3.0550e-06
3.3370e+00 5.9208e-07 3.1313e-06
3.3489e+00 7.3932e-06 3.0497e-06
3.3608e+00 1.5188e-05 3.2757e-06
3.3727e+00 1.5305e-05 3.2862e-06
3.3845e+00 1.2767e-05 3.2269e-06
3.3963e+00 1.7050e-05 3.2276e-06
3.4080e+00 2.0688e-05 3.3257e-06
3.4197e+00 1.2413e-05 3.2738e-06
3.4314e+00 1.0421e-05 3.3444e-06
3.4430e+00 1.1541e-05 3.2612e-06
3.4546e+00 1.8049e-05 3.5018e-06
3.4661e+00 1.8764e-05 3.4229e-06
3.4776e+00 1.8090e-05 3.4071e-06
3.4891e+00 2.2379e-05 3.4554e-06
3.5005e+00 2.8574e-05 3.5041e-06
3.5119e+00 2.9942e-05 3.5827e-06
3.5233e+00 2.9982e-05 3.6759e-06
3.5346e+00 3.3294e-05 3.6770e-06
3.5459e+00 4.3459e-05 3.6520e-06
3.5571e+00 4.9501e-05 3.8669e-06
3.5683e+00 4.2624e-05 3.8533e-06
3.5795e+00 5.2987e-05 3.7842e-06
3.5907e+00 6.0159e-05 3.9790e-06
3.6018e+00 4.6407e-05 3.9483e-06
3.6121e+00 4.7852e-05 4.1217e-06
3.6231e+00 6.2129e-05 4.0663e-06
3.6341e+00 6.7735e-05 4.0785e-06
3.6451e+00 7.9683e-05 4.2199e-06
3.6560e+00 9.1796e-05 4.2788e-06
3.6670e+00 1.0660e-04 4.3809e-06
3.6778e+00 1.0390e-04 4.3544e-06
3.6887e+00 1.1848e-04 4.4747e-06
3.6995e+00 1.3476e-04 4.6191e-06
3.7102e+00 1.3493e-04 4.6673e-06
3.7210e+00 1.3797e-04 4.6679e-06
3.7317e+00 1.4525e-04 4.7817e-06
3.7424e+00 1.5569e-04 4.7612e-06
3.7530e+00 1.5863e-04 4.9087e-06
3.7637e+00 1.6714e-04 5.1063e-06
3.7742e+00 1.6748e-04 5.1177e-06
3.7848e+00 1.6269e-04 5.1455e-06
3.7953e+00 1.7225e-04 5.0702e-06
3.8058e+00 1.9810e-04 5.2207e-06
3.8163e+00 2.3314e-04 5.4511e-06
3.8267e+00 2.6833e-04 5.5821e-06
3.8371e+00 2.5239e-04 5.5128e-06
3.8475e+00 2.0317e-04 5.2681e-06
3.8579e+00 2.1538e-04 5.4170e-06
3.8682e+00 2.3808e-04 5.6145e-06
3.8785e+00 2.5045e-04 5.6554e-06
3.8888e+00 2.4995e-04 5.8830e-06
3.8990e+00 2.6651e-04 5.9681e-06
3.9092e+00 2.7541e-04 5.9808e-06
3.9194e+00 2.8838e-04 5.9829e-06
3.9295e+00 3.1053e-04 6.1435e-06
3.9397e+00 3.2607e-04 6.3348e-06
3.9498e+00 3.3341e-04 6.4792e-06
3.9598e+00 3.4848e-04 6.4852e-06
3.9699e+00 3.6570e-04 6.7332e-06
3.9799e+00 3.5020e-04 6.5145e-06
3.9899e+00 3.9048e-04 6.6930e-06
3.9999e+00 4.1192e-04 6.9139e-06
4.0098e+00 4.1328e-04 7.0048e-06
4.0197e+00 4.2585e-04 6.8999e-06
4.0296e+00 4.4971e-04 7.2014e-06
4.0395e+00 4.4488e-04 7.2753e-06
4.0493e+00 4.5662e-04 7.3058e-06
4.0592e+00 4.7726e-04 7.3199e-06
4.0690e+00 5.0256e-04 7.4873e-06
4.0787e+00 5.1193e-04 7.5219e-06
4.0885e+00 5.3241e-04 7.6953e-06
4.0982e+00 5.4107e-04 7.7992e-06
4.1079e+00 5.3001e-04 7.8175e-06
4.1176e+00 5.2302e-04 7.7571e-06
4.1272e+00 5.5258e-04 7.8612e-06
4.1368e+00 5.6152e-04 8.1081e-06
4.1464e+00 5.4791e-04 8.1511e-06
4.1560e+00 5.1858e-04 7.9904e-06
4.1656e+00 5.2299e-04 7.9994e-06
4.1751e+00 5.2063e-04 7.9719e-06
4.1846e+00 4.7349e-04 7.8429e-06
4.1941e+00 4.1148e-04 7.5352e-06
4.2036e+00 3.7882e-04 7.5651e-06
4.2130e+00 3.3258e-04 7.3662e-06
4.2224e+00 2.5429e-04 6.9117e-06
4.2318e+00 2.3569e-04 6.8704e-06
4.2412e+00 2.4079e-04 6.8457e-06
4.2506e+00 2.5468e-04 6.9378e-06
4.2599e+00 2.6533e-04 7.0658e-06
4.2692e+00 2.6117e-04 7.1683e-06
4.2785e+00 2.6809e-04 7.1806e-06
4.2877e+00 2.8514e-04 7.3735e-06
4.2970e+00 2.8204e-04 7.3523e-06
4.3062e+00 2.6030e-04 7.2761e-06
4.3154e+00 2.5905e-04 7.2717e-06
4.3246e+00 2.9301e-04 7.5755e-06
4.3338e+00 2.9833e-04 7.5206e-06
4.3429e+00 2.8863e-04 7.5855e-06
4.3520e+00 2.9444e-04 7.4411e-06
4.3611e+00 3.2908e-04 7.8722e-06
4.3702e+00 3.6709e-04 7.9850e-06
4.3793e+00 3.7221e-04 8.1121e-06
4.3883e+00 3.5603e-04 8.2017e-06
4.3973e+00 3.4663e-04 8.2078e-06
4.4064e+00 3.6829e-04 8.2534e-06
4.4153e+00 4.2575e-04 8.5657e-06
4.4243e+00 3.7885e-04 8.3716e-06
4.4332e+00 3.2283e-04 8.2419e-06
4.4422e+00 3.2470e-04 8.1918e-06
4.4511e+00 3.1625e-04 8.1482e-06
4.4600e+00 3.0046e-04 8.3349e-06
4.4688e+00 2.9363e-04 8.1473e-06
4.4777e+00 2.6760e-04 8.2287e-06
4.4865e+00 2.5774e-04 8.5349e-06
4.4953e+00 2.4510e-04 8.0826e-06
4.5041e+00 2.2112e-04 7.8007e-06
4.5129e+00 2.1786e-04 8.0575e-06
4.5216e+00 1.9758e-04 7.7501e-06
4.5304e+00 1.7648e-04 7.6796e-06
4.5391e+00 1.6991e-04 7.6727e-06
4.5478e+00 1.7103e-04 7.8058e-06
4.5565e+00 1.5914e-04 7.8147e-06
4.5652e+00 1.4979e-04 7.8411e-06
4.5738e+00 1.5303e-04 7.6951e-06
4.5824e+00 1.6169e-04 8.1017e-06
4.5911e+00 1.5376e-04 8.0543e-06
4.5997e+00 1.5712e-04 8.2197e-06
4.6082e+00 1.8869e-04 8.2900e-06
4.6168e+00 1.6643e-04 8.2405e-06
4.6253e+00 1.6409e-04 8.3729e-06
4.6339e+00 1.8485e-04 8.5150e-06
4.6424e+00 1.9966e-04 8.8365e-06
4.6509e+00 2.0869e-04 8.9926e-06
4.6594e+00 2.4995e-04 8.7872e-06
4.6678e+00 2.9757e-04 9.3727e-06
4.6763e+00 2.7467e-04 9.2089e-06
4.6847e+00 2.4701e-04 8.9649e-06
4.6931e+00 2.5660e-04 9.0335e-06
4.7015e+00 2.4194e-04 9.1921e-06
4.7099e+00 2.0496e-04 8.7928e-06
4.7183e+00 2.0469e-04 8.8066e-06
4.7266e+00 2.1080e-04 8.8398e-06
4.7349e+00 1.8027e-04 8.8109e-06
4.7433e+00 1.9631e-04 9.2206e-06
4.7516e+00 2.0893e-04 9.4076e-06
4.7598e+00 2.0166e-04 9.1765e-06
4.7681e+00 2.0608e-04 9.0982e-06
4.7764e+00 1.9006e-04 9.2926e-06
4.7846e+00 1.8635e-04 9.1866e-06
4.7928e+00 1.9935e-04 9.3573e-06
4.8010e+00 2.1139e-04 9.6616e-06
4.8092e+00 2.0122e-04 9.6246e-06
4.8174e+00 1.9643e-04 9.6340e-06
4.8256e+00 2.2078e-04 9.7330e-06
4.8337e+00 2.2523e-04 1.0037e-05
4.8418e+00 2.0845e-04 9.8454e-06
4.8500e+00 2.2437e-04 1.0168e-05
4.8581e+00 2.4032e-04 1.0214e-05
4.8662e+00 2.4753e-04 1.0311e-05
4.8742e+00 2.5124e-04 1.0328e-05
4.8823e+00 2.5767e-04 1.0362e-05
4.8903e+00 2.7236e-04 1.0834e-05
4.8984e+00 2.5027e-04 1.0564e-05
4.9064e+00 2.4432e-04 1.0291e-05
4.9144e+00 3.0183e-04 1.0369e-05
4.9224e+00 2.9961e-04 1.0506e-05
4.9303e+00 2.8149e-04 1.0784e-05
4.9383e+00 2.3931e-04 1.0495e-05
4.9462e+00 2.5699e-04 1.0499e-05
4.9542e+00 2.3007e-04 1.0452e-05
4.9621e+00 2.4371e-04 1.0580e-05
4.9700e+00 3.0101e-04 1.1243e-05
4.9779e+00 3.1691e-04 1.1100e-05
4.9858e+00 3.5181e-04 1.1228e-05
4.9936e+00 3.5156e-04 1.1407e-05
5.0015e+00 3.4708e-04 1.1559e-05
5.0093e+00 3.4941e-04 1.1674e-05
5.0171e+00 2.6984e-04 1.1427e-05
5.0249e+00 2.2991e-04 1.1085e-05
5.0327e+00 2.9064e-04 1.1952e-05
5.0405e+00 3.5397e-04 1.2353e-05
5.0483e+00 3.5869e-04 1.1764e-05
5.0560e+00 3.9590e-04 1.2387e-05
5.0638e+00 3.7071e-04 1.2807e-05
5.0715e+00 3.7444e-04 1.2535e-05
5.0792e+00 3.1931e-04 1.2688e-05
5.0869e+00 2.8823e-04 1.2157e-05
5.0946e+00 3.5674e-04 1.2741e-05
5.1023e+00 3.5262e-04 1.2700e-05
5.1100e+00 2.9621e-04 1.2550e-05
5.1176e+00 3.0371e-04 1.2375e-05
5.1252e+00 3.5535e-04 1.3473e-05
5.1329e+00 3.0935e-04 1.3201e-05
5.1405e+00 2.5068e-04 1.2983e-05
5.1481e+00 2.1115e-04 1.2638e-05
5.1557e+00 2.3802e-04 1.2583e-05
5.1633e+00 2.5913e-04 1.3101e-05
5.1708e+00 2.6987e-04 1.3155e-05
5.1784e+00 2.9035e-04 1.3136e-05
5.1859e+00 3.3702e-04 1.3906e-05
5.2270e+00 2.8482e-04 8.5463e-07
5.2890e+00 2.6991e-04 8.2514e-07
5.3498e+00 2.5193e-04 8.0111e-07
5.4093e+00 2.1399e-04 7.5207e-07
5.4677e+00 1.8306e-04 7.3659e-07
5.5252e+00 1.7138e-04 7.4060e-07
5.5818e+00 1.5114e-04 7.1465e-07
5.6374e+00 1.4264e-04 7.0352e-07
5.6922e+00 1.3239e-04 6.9968e-07
5.7462e+00 1.2558e-04 6.6824e-07
5.7993e+00 1.2469e-04 7.5499e-07
5.8517e+00 1.1711e-04 7.1535e-07
5.9033e+00 1.1588e-04 7.2049e-07
5.9542e+00 1.1984e-04 7.0909e-07
6.0043e+00 1.2948e-04 7.7085e-07
6.0537e+00 1.3418e-04 6.9827e-07
6.1024e+00 1.3520e-04 7.9253e-07
6.1506e+00 1.4835e-04 8.0568e-07
6.1981e+00 1.6938e-04 8.4338e-07
6.2449e+00 1.9501e-04 8.5920e-07
6.2913e+00 2.1445e-04 9.2397e-07
6.3370e+00 1.8804e-04 9.3167e-07
6.3822e+00 1.5360e-04 8.4106e-07
6.4268e+00 1.1725e-04 7.6373e-07
6.5580e+00 9.2338e-05 7.6241e-07
6.6009e+00 9.6216e-05 7.7350e-07
6.6433e+00 1.0527e-04 8.2675e-07
6.6853e+00 1.1747e-04 8.4433e-07
6.7271e+00 1.3038e-04 8.7772e-07
6.7684e+00 1.2589e-04 9.1914e-07
6.8095e+00 1.3023e-04 8.7896e-07
6.8501e+00 1.3096e-04 8.7228e-07
6.8905e+00 1.4726e-04 9.5404e-07
6.9305e+00 1.5603e-04 9.8016e-07
6.9702e+00 1.5778e-04 1.0537e-06
7.0095e+00 1.4491e-04 1.1401e-06
7.0485e+00 1.4005e-04 1.1277e-06
7.0873e+00 1.3665e-04 1.0263e-06
7.1257e+00 1.3447e-04 1.0618e-06
7.1639e+00 1.2472e-04 9.7072e-07
7.2018e+00 1.1587e-04 9.8317e-07
7.2393e+00 1.0693e-04 9.5287e-07
7.2765e+00 9.8949e-05 9.5116e-07
7.3135e+00 9.2568e-05 9.4231e-07
7.3501e+00 8.7856e-05 9.4866e-07
7.3865e+00 8.3627e-05 9.5371e-07
7.4227e+00 8.3167e-05 9.5968e-07
7.4586e+00 8.8391e-05 9.7797e-07
7.4941e+00 9.5164e-05 9.9647e-07
7.5295e+00 1.0421e-04 1.0263e-06
7.5646e+00 1.1217e-04 1.0603e-06
7.5994e+00 1.1480e-04 1.0547e-06
7.6340e+00 1.1076e-04 1.0156e-06
7.6684e+00 8.5726e-05 1.0190e-06
7.7025e+00 7.4096e-05 1.0069e-06
7.7363e+00 7.4754e-05 1.0072e-06
7.7700e+00 8.6180e-05 1.0374e-06
7.8034e+00 9.1743e-05 1.0597e-06
7.8367e+00 1.0062e-04 1.0867e-06
7.8696e+00 1.0302e-04 1.0911e-06
7.9025e+00 1.0472e-04 1.1184e-06
7.9350e+00 1.1077e-04 1.1319e-06
7.9674e+00 1.1648e-04 1.1773e-06
7.9996e+00 1.1921e-04 1.1873e-06
8.0316e+00 1.2103e-04 1.1959e-06
8.0634e+00 1.2074e-04 1.2066e-06
8.0950e+00 1.2880e-04 1.2619e-06
8.1264e+00 1.2995e-04 1.2969e-06
8.1577e+00 1.2981e-04 1.4363e-06
8.1887e+00 1.3252e-04 1.3410e-06
8.2197e+00 1.4306e-04 1.4522e-06
8.2505e+00 1.5567e-04 1.4401e-06
8.2810e+00 1.6519e-04 1.3754e-06
8.3115e+00 1.6899e-04 1.4648e-06
8.3418e+00 1.7271e-04 1.4978e-06
8.3719e+00 1.8074e-04 1.5193e-06
8.4020e+00 1.8970e-04 1.5375e-06
8.4319e+00 2.0108e-04 1.5396e-06
8.4616e+00 2.0432e-04 1.5596e-06
8.4912e+00 2.0938e-04 1.5715e-06
8.5207e+00 2.1257e-04 1.6085e-06
8.5500e+00 2.2529e-04 1.6292e-06
8.5792e+00 2.3292e-04 1.6746e-06
8.6083e+00 2.3510e-04 1.6820e-06
8.6372e+00 2.4826e-04 1.7395e-06
8.6660e+00 2.6148e-04 1.7669e-06
8.6946e+00 2.7244e-04 1.8178e-06
8.7232e+00 2.8192e-04 1.8511e-06
8.7516e+00 2.8214e-04 1.8658e-06
8.7799e+00 2.8160e-04 1.8010e-06
8.8081e+00 2.8589e-04 1.8992e-06
8.8361e+00 3.0096e-04 1.8776e-06
8.8640e+00 2.9429e-04 1.9890e-06
8.8918e+00 3.1299e-04 1.9871e-06
8.9195e+00 3.2112e-04 2.0230e-06
8.9470e+00 3.0486e-04 2.0171e-06
8.9744e+00 3.1224e-04 2.0516e-06
9.0017e+00 3.1490e-04 2.0754e-06
9.0289e+00 3.3305e-04 2.1415e-06
9.0559e+00 3.3491e-04 2.1377e-06
9.0828e+00 3.2750e-04 2.1829e-06
9.1097e+00 3.3713e-04 2.0192e-06
9.1364e+00 3.4077e-04 2.2119e-06
9.1630e+00 3.3184e-04 2.2063e-06
9.1894e+00 3.5264e-04 2.2485e-06
9.2158e+00 3.6146e-04 2.3081e-06
9.2420e+00 3.7746e-04 2.3371e-06
9.2682e+00 3.7366e-04 2.3293e-06
9.2942e+00 3.6062e-04 2.3446e-06
9.3201e+00 3.6982e-04 2.3253e-06
9.3459e+00 3.6550e-04 2.3950e-06
9.3716e+00 3.7083e-04 2.3849e-06
9.3972e+00 3.7041e-04 2.4229e-06
9.4226e+00 3.7450e-04 2.4248e-06
9.4480e+00 3.7079e-04 2.4834e-06
9.4733e+00 3.7328e-04 2.4645e-06
9.4984e+00 3.7333e-04 2.5296e-06
9.5235e+00 3.8746e-04 2.5740e-06
9.5484e+00 4.0171e-04 2.5959e-06
9.5733e+00 4.0975e-04 2.5976e-06
9.5981e+00 4.1128e-04 2.6457e-06
9.6227e+00 4.1018e-04 2.6424e-06
9.6473e+00 3.8291e-04 2.6292e-06
9.6717e+00 3.7467e-04 2.6468e-06
9.6960e+00 3.7834e-04 2.6915e-06
9.7203e+00 3.9893e-04 2.7178e-06
9.7444e+00 4.1217e-04 2.7736e-06
9.7685e+00 4.2460e-04 2.7957e-06
9.7925e+00 4.2452e-04 2.8331e-06
9.8164e+00 4.2172e-04 2.8375e-06
9.8402e+00 4.0357e-04 2.8161e-06
9.8638e+00 3.8371e-04 2.7991e-06
9.8874e+00 3.8391e-04 2.9595e-06
9.9109e+00 3.9437e-04 2.8814e-06
9.9344e+00 4.1408e-04 2.9687e-06
9.9577e+00 4.5686e-04 3.0216e-06
9.9810e+00 4.6838e-04 3.1387e-06
1.0004e+01 4.5802e-04 3.1261e-06
1.0027e+01 4.3562e-04 3.1432e-06
1.0051e+01 4.1482e-04 3.1018e-06
1.0073e+01 4.0969e-04 2.9666e-06
1.0096e+01 4.0785e-04 3.3499e-06
1.0119e+01 4.4195e-04 3.3448e-06
1.0141e+01 4.6255e-04 3.3743e-06
1.0164e+01 4.7656e-04 3.4001e-06
1.0187e+01 4.8975e-04 3.4529e-06
1.0208e+01 4.7683e-04 3.4825e-06
1.0231e+01 4.6490e-04 3.4844e-06
1.0253e+01 4.3617e-04 3.4854e-06
1.0276e+01 4.0237e-04 3.4456e-06
1.0298e+01 3.5230e-04 3.3868e-06
1.0319e+01 2.8473e-04 3.2348e-06
1.0341e+01 2.2605e-04 3.2135e-06
1.0363e+01 1.9361e-04 3.1503e-06
1.0385e+01 1.7777e-04 3.2672e-06
1.0407e+01 2.0186e-04 3.3094e-06
1.0429e+01 2.2715e-04 3.4837e-06
1.0450e+01 2.3187e-04 3.5325e-06
1.0472e+01 2.5979e-04 3.8663e-06
1.0493e+01 2.6632e-04 3.7599e-06
1.0515e+01 2.7566e-04 3.7928e-06
1.0536e+01 2.8498e-04 3.8454e-06
1.0558e+01 2.9381e-04 3.8952e-06
1.0578e+01 2.9494e-04 3.9423e-06
1.0600e+01 3.0960e-04 4.0404e-06
1.0621e+01 3.0269e-04 4.0470e-06
1.0642e+01 2.9661e-04 4.2793e-06
1.0663e+01 2.7693e-04 4.0641e-06
1.0684e+01 2.5420e-04 4.3089e-06
1.0705e+01 2.2134e-04 4.2387e-06
1.0725e+01 1.9460e-04 4.2949e-06
1.0746e+01 1.9377e-04 4.3207e-06
1.0767e+01 2.0872e-04 4.8790e-06
1.0788e+01 2.3416e-04 4.6277e-06
1.0808e+01 2.4748e-04 4.7097e-06
1.0829e+01 2.8285e-04 4.8088e-06
1.0849e+01 2.9927e-04 4.8993e-06
1.0869e+01 3.0475e-04 4.9335e-06
1.0890e+01 2.8800e-04 5.0839e-06
1.0910e+01 3.0114e-04 4.9063e-06
1.0931e+01 2.9932e-04 5.0418e-06
1.0951e+01 2.8990e-04 5.2814e-06
1.0970e+01 2.7560e-04 5.4359e-06
1.0990e+01 2.7158e-04 5.4901e-06
1.1011e+01 2.9134e-04 5.6014e-06
1.1031e+01 3.2559e-04 5.4112e-06
1.1051e+01 3.7324e-04 5.8235e-06
1.1071e+01 3.5325e-04 6.0010e-06
1.1091e+01 3.5757e-04 6.1130e-06
1.1110e+01 3.8760e-04 6.1081e-06
1.1130e+01 3.9969e-04 6.4783e-06
1.1149e+01 3.8010e-04 6.4390e-06
1.1169e+01 3.6980e-04 6.5883e-06
1.1189e+01 3.6336e-04 6.5266e-06
1.1209e+01 3.4850e-04 6.8537e-06
1.1227e+01 3.4685e-04 6.7017e-06
1.1247e+01 3.2963e-04 7.0098e-06
1.1266e+01 3.3229e-04 7.0344e-06
1.1286e+01 3.6305e-04 7.2349e-06
1.1305e+01 3.7137e-04 7.3008e-06
1.1324e+01 3.7373e-04 7.3281e-06
1.1344e+01 3.8376e-04 7.4973e-06
1.1362e+01 3.6753e-04 7.6914e-06
1.1381e+01 3.7658e-04 7.7891e-06
1.1400e+01 3.8827e-04 7.8872e-06
1.1419e+01 3.9613e-04 7.6114e-06
1.1438e+01 3.6237e-04 7.9144e-06
1.1457e+01 3.6962e-04 7.6362e-06
1.1476e+01 3.7211e-04 8.1664e-06
1.1494e+01 3.5491e-04 8.3686e-06
1.1513e+01 3.6894e-04 8.4673e-06
1.1532e+01 3.2553e-04 7.9977e-06
1.1551e+01 3.3888e-04 8.5775e-06
1.1569e+01 3.3229e-04 8.5791e-06
1.1588e+01 3.5726e-04 9.0248e-06
1.1607e+01 3.3214e-04 8.8158e-06
1.1624e+01 3.1587e-04 9.0247e-06
1.1643e+01 3.1869e-04 9.1381e-06
1.1661e+01 3.4903e-04 8.9218e-06
1.1680e+01 3.0351e-04 9.1918e-06
1.1698e+01 2.7805e-04 9.8353e-06
1.1717e+01 2.9180e-04 1.0093e-05
1.1735e+01 2.5479e-04 9.9536e-06
1.1752e+01 2.7220e-04 1.0107e-05
1.1770e+01 2.9890e-04 1.0533e-05
1.1788e+01 3.4486e-04 1.0575e-05
1.1807e+01 3.0428e-04 1.1408e-05
1.1825e+01 3.4245e-04 1.1309e-05
1.1843e+01 3.0822e-04 1.2045e-05
1.1861e+01 3.0048e-04 1.2086e-05
1.1878e+01 3.6391e-04 1.2662e-05
1.1896e+01 3.1377e-04 1.2486e-05
1.1913e+01 3.3993e-04 1.2807e-05
1.1931e+01 3.4588e-04 1.2748e-05
1.1949e+01 3.3314e-04 1.3224e-05
1.1967e+01 3.1611e-04 1.3014e-05
