# Wavelength(micron)	Flux(Jy)	Flux_error(Jy)
9.5716e-01 5.7490e-06 9.2522e-07
9.7049e-01 9.1113e-06 9.0719e-07
9.8415e-01 1.2035e-05 9.3883e-07
9.9814e-01 1.8016e-05 9.5575e-07
1.0125e+00 2.6441e-05 9.5265e-07
1.0271e+00 3.7831e-05 9.9428e-07
1.0421e+00 5.4450e-05 1.0594e-06
1.0574e+00 6.9360e-05 1.1327e-06
1.0730e+00 7.4333e-05 1.1225e-06
1.0890e+00 6.4823e-05 1.0604e-06
1.1053e+00 3.1049e-05 8.6876e-07
1.1218e+00 1.0368e-05 7.3582e-07
1.1387e+00 6.3577e-06 6.9463e-07
1.1559e+00 6.5873e-06 6.9207e-07
1.1733e+00 8.9633e-06 6.9572e-07
1.1910e+00 2.2955e-05 7.7615e-07
1.2090e+00 5.0828e-05 9.2276e-07
1.2272e+00 8.9385e-05 1.1215e-06
1.2456e+00 1.4340e-04 1.3374e-06
1.2643e+00 1.8207e-04 1.4701e-06
1.2831e+00 1.7111e-04 1.4328e-06
1.3021e+00 1.1688e-04 1.2287e-06
1.3213e+00 5.9922e-05 9.9099e-07
1.3406e+00 1.6087e-05 8.1077e-07
1.3601e+00 2.4970e-06 7.1777e-07
1.3797e+00 1.1602e-06 7.4679e-07
1.3994e+00 -6.4260e-07 7.5642e-07
1.4192e+00 1.9000e-07 7.6461e-07
1.4391e+00 2.7189e-06 7.8538e-07
1.4590e+00 7.3113e-06 8.1492e-07
1.4790e+00 1.1426e-05 8.7513e-07
1.4990e+00 1.8924e-05 9.5190e-07
1.5190e+00 3.7623e-05 1.0638e-06
1.5391e+00 7.3587e-05 1.2679e-06
1.5591e+00 1.1859e-04 1.4657e-06
1.5791e+00 1.4741e-04 1.6134e-06
1.5992e+00 1.1421e-04 1.4940e-06
1.6191e+00 4.6703e-05 1.2070e-06
1.6391e+00 1.8427e-05 1.1141e-06
1.6590e+00 1.5721e-05 1.1075e-06
1.6789e+00 1.4792e-05 1.1295e-06
1.6987e+00 1.1550e-05 1.0881e-06
1.7184e+00 1.3234e-05 1.1490e-06
1.7381e+00 1.4709e-05 1.1671e-06
1.7577e+00 1.3924e-05 1.1696e-06
1.7772e+00 9.8487e-06 1.2115e-06
1.7967e+00 4.8320e-06 1.1763e-06
1.8160e+00 5.2785e-06 1.1837e-06
1.8353e+00 4.7515e-06 1.2115e-06
1.8545e+00 3.3822e-06 1.2142e-06
1.8736e+00 5.6314e-06 1.2388e-06
1.8926e+00 8.2235e-06 1.2928e-06
1.9115e+00 9.1026e-06 1.3053e-06
1.9303e+00 6.1503e-06 1.3192e-06
1.9491e+00 5.7735e-06 1.3003e-06
1.9677e+00 8.0199e-06 1.3429e-06
1.9862e+00 1.6574e-05 1.3732e-06
2.0046e+00 2.3757e-05 1.4381e-06
2.0229e+00 3.4019e-05 1.5209e-06
2.0411e+00 4.1212e-05 1.6155e-06
2.0593e+00 4.8027e-05 1.6996e-06
2.0773e+00 5.5867e-05 1.7036e-06
2.0952e+00 5.8617e-05 1.7339e-06
2.1130e+00 5.5123e-05 1.7119e-06
2.1307e+00 4.5502e-05 1.6815e-06
2.1483e+00 3.6002e-05 1.6575e-06
2.1658e+00 2.6916e-05 1.6317e-06
2.1832e+00 2.0751e-05 1.6192e-06
2.2006e+00 8.7873e-06 1.5642e-06
2.2178e+00 5.6902e-06 1.5658e-06
2.2349e+00 3.0257e-06 1.6253e-06
2.2519e+00 3.8234e-06 1.5567e-06
2.2688e+00 3.6446e-06 1.5988e-06
2.2857e+00 1.7997e-06 1.5814e-06
2.3024e+00 7.5983e-07 1.5938e-06
2.3190e+00 1.9060e-06 1.5996e-06
2.3356e+00 3.1815e-07 1.6174e-06
2.3521e+00 2.6312e-06 1.6725e-06
2.3684e+00 3.5015e-06 1.6667e-06
2.3847e+00 2.8958e-06 1.6852e-06
2.4009e+00 3.6762e-06 1.6796e-06
2.4170e+00 3.4027e-06 1.7039e-06
2.4330e+00 2.3075e-06 1.7240e-06
2.4489e+00 6.0879e-06 1.7257e-06
2.4648e+00 7.5853e-06 1.7337e-06
2.4795e+00 7.5284e-06 1.7738e-06
2.4952e+00 1.2164e-05 1.8044e-06
2.5108e+00 7.8782e-06 1.8287e-06
2.5263e+00 6.3234e-06 1.7741e-06
2.5417e+00 5.3339e-06 1.7901e-06
2.5571e+00 1.6953e-06 1.7967e-06
2.5724e+00 2.4786e-06 1.8051e-06
2.5875e+00 2.0290e-06 1.8098e-06
2.6027e+00 4.3259e-06 1.8301e-06
2.6177e+00 3.8559e-06 1.8948e-06
2.6327e+00 9.5782e-06 1.9752e-06
2.6476e+00 1.0557e-05 1.9852e-06
2.6624e+00 2.6956e-06 1.9914e-06
2.6772e+00 2.9966e-06 1.9596e-06
2.6918e+00 5.8369e-06 1.9883e-06
2.7064e+00 3.1789e-06 1.9877e-06
2.7210e+00 3.7161e-06 2.0497e-06
2.7354e+00 4.3388e-06 2.0974e-06
2.7498e+00 4.7862e-06 2.1049e-06
2.7642e+00 7.8325e-06 2.1258e-06
2.7784e+00 6.8878e-06 2.1658e-06
2.7926e+00 8.1522e-06 2.2099e-06
2.8068e+00 8.3276e-06 2.2518e-06
2.8208e+00 1.3261e-05 2.2866e-06
2.8348e+00 8.4714e-06 2.2765e-06
2.8488e+00 7.7701e-06 2.2608e-06
2.8626e+00 1.2059e-05 2.3792e-06
2.8765e+00 1.8870e-05 2.4986e-06
2.8902e+00 1.9667e-05 2.4576e-06
2.9039e+00 1.9294e-05 2.4554e-06
2.9175e+00 2.3611e-05 2.5504e-06
2.9311e+00 3.2828e-05 2.6565e-06
2.9446e+00 3.8419e-05 2.6958e-06
2.9581e+00 3.8407e-05 2.6996e-06
2.9715e+00 3.3308e-05 2.7032e-06
2.9848e+00 4.2005e-05 2.7834e-06
2.9981e+00 3.6816e-05 2.8139e-06
3.0113e+00 3.7311e-05 2.7756e-06
3.0245e+00 5.9863e-05 2.9241e-06
3.0376e+00 6.0204e-05 2.8321e-06
3.0507e+00 5.0115e-05 2.8587e-06
3.0637e+00 4.8452e-05 2.9028e-06
3.0766e+00 4.1414e-05 2.8221e-06
3.0896e+00 3.7917e-05 2.8444e-06
3.1024e+00 3.1328e-05 2.8524e-06
3.1152e+00 2.4617e-05 2.7775e-06
3.1280e+00 1.6946e-05 2.7272e-06
3.1407e+00 1.2841e-05 2.7412e-06
3.1533e+00 8.9520e-06 2.7356e-06
3.1659e+00 8.3562e-06 2.7831e-06
3.1785e+00 7.1770e-06 2.8584e-06
3.1910e+00 6.7206e-06 2.8520e-06
3.2035e+00 4.7454e-06 2.8047e-06
3.2159e+00 2.1124e-06 2.8512e-06
3.2282e+00 -2.4135e-06 2.8920e-06
3.2406e+00 1.7999e-06 2.8910e-06
3.2528e+00 8.7539e-06 2.9015e-06
3.2651e+00 3.8984e-06 2.9419e-06
3.2772e+00 3.7840e-06 2.9281e-06
3.2894e+00 1.3026e-05 3.0053e-06
3.3015e+00 1.2946e-05 3.0866e-06
3.3135e+00 3.6371e-06 3.1108e-06
3.3255e+00 4.5723e-06 3.1079e-06
3.3375e+00 6.3792e-06 3.1817e-06
3.3494e+00 3.9115e-06 3.0591e-06
3.3613e+00 4.8367e-06 3.1846e-06
3.3732e+00 6.0709e-06 3.2239e-06
3.3850e+00 5.4786e-06 3.1955e-06
3.3967e+00 7.6706e-06 3.1774e-06
3.4084e+00 1.0133e-05 3.2616e-06
3.4201e+00 4.9245e-06 3.1747e-06
3.4318e+00 5.7089e-06 3.2425e-06
3.4434e+00 4.8224e-06 3.2344e-06
3.4549e+00 3.2830e-06 3.3493e-06
3.4664e+00 8.0115e-06 3.3420e-06
3.4779e+00 1.1036e-05 3.3600e-06
3.4894e+00 9.3624e-06 3.3770e-06
3.5008e+00 9.6300e-06 3.3369e-06
3.5121e+00 2.1185e-05 3.4451e-06
3.5235e+00 2.4809e-05 3.5784e-06
3.5348e+00 1.7714e-05 3.6528e-06
3.5460e+00 1.6377e-05 3.5075e-06
3.5573e+00 1.5103e-05 3.7180e-06
3.5685e+00 2.1803e-05 3.6834e-06
3.5796e+00 2.3849e-05 3.5525e-06
3.5907e+00 2.3430e-05 3.7447e-06
3.6018e+00 2.6704e-05 3.7626e-06
3.6129e+00 2.7322e-05 4.0054e-06
3.6239e+00 4.4149e-05 3.8510e-06
3.6349e+00 4.3286e-05 3.9593e-06
3.6458e+00 4.3425e-05 3.9443e-06
3.6567e+00 5.7784e-05 4.0252e-06
3.6676e+00 6.7082e-05 4.1261e-06
3.6785e+00 7.4271e-05 4.1463e-06
3.6893e+00 7.2194e-05 4.0066e-06
3.7001e+00 7.1616e-05 4.2737e-06
3.7108e+00 7.5302e-05 4.3016e-06
3.7215e+00 8.3318e-05 4.3065e-06
3.7322e+00 7.6508e-05 4.4222e-06
3.7429e+00 8.7621e-05 4.4763e-06
3.7535e+00 1.0747e-04 4.5526e-06
3.7641e+00 1.1129e-04 4.6504e-06
3.7747e+00 1.0101e-04 4.6414e-06
3.7852e+00 9.7948e-05 4.6480e-06
3.7957e+00 1.1534e-04 4.6591e-06
3.8062e+00 1.4242e-04 4.8550e-06
3.8166e+00 1.5101e-04 5.0028e-06
3.8270e+00 1.6457e-04 5.0820e-06
3.8374e+00 1.4282e-04 5.0061e-06
3.8478e+00 1.1573e-04 4.9205e-06
3.8581e+00 1.3839e-04 5.0118e-06
3.8684e+00 1.4753e-04 5.1244e-06
3.8787e+00 1.4898e-04 5.0775e-06
3.8889e+00 1.6930e-04 5.3310e-06
3.8991e+00 1.7223e-04 5.3438e-06
3.9093e+00 1.7766e-04 5.4387e-06
3.9195e+00 1.9336e-04 5.5319e-06
3.9296e+00 2.0731e-04 5.6536e-06
3.9397e+00 2.1972e-04 5.7974e-06
3.9498e+00 2.1664e-04 5.7298e-06
3.9599e+00 2.3457e-04 5.7845e-06
3.9699e+00 2.3539e-04 6.0722e-06
3.9799e+00 2.3768e-04 6.1989e-06
3.9899e+00 2.5971e-04 6.1160e-06
3.9998e+00 2.6384e-04 6.2411e-06
4.0097e+00 2.7250e-04 6.1993e-06
4.0196e+00 2.8414e-04 6.2289e-06
4.0295e+00 2.8800e-04 6.4777e-06
4.0394e+00 3.0056e-04 6.6135e-06
4.0492e+00 3.1392e-04 6.5935e-06
4.0590e+00 3.4691e-04 6.7884e-06
4.0688e+00 3.4937e-04 6.7618e-06
4.0785e+00 3.4729e-04 6.9438e-06
4.0882e+00 3.6784e-04 7.0946e-06
4.0979e+00 3.7342e-04 7.2638e-06
4.1076e+00 3.4802e-04 6.9863e-06
4.1173e+00 3.5323e-04 7.0336e-06
4.1269e+00 3.8667e-04 7.2051e-06
4.1365e+00 3.8708e-04 7.2457e-06
4.1461e+00 3.5768e-04 7.2465e-06
4.1556e+00 3.5346e-04 7.0574e-06
4.1652e+00 3.9102e-04 7.3733e-06
4.1747e+00 3.9544e-04 7.4806e-06
4.1842e+00 3.5157e-04 7.2811e-06
4.1936e+00 3.2785e-04 7.2128e-06
4.2031e+00 3.4624e-04 7.6406e-06
4.2125e+00 3.2428e-04 7.4326e-06
4.2219e+00 2.7330e-04 7.1409e-06
4.2313e+00 2.7547e-04 7.1142e-06
4.2406e+00 2.9300e-04 7.2568e-06
4.2499e+00 2.9584e-04 7.3785e-06
4.2593e+00 2.9854e-04 7.1995e-06
4.2686e+00 2.8573e-04 7.4801e-06
4.2778e+00 3.0049e-04 7.3966e-06
4.2871e+00 3.2953e-04 7.6343e-06
4.2963e+00 3.0782e-04 7.4750e-06
4.3055e+00 2.7975e-04 7.3369e-06
4.3147e+00 2.9996e-04 7.3356e-06
4.3238e+00 3.4005e-04 7.7889e-06
4.3330e+00 3.2217e-04 7.6007e-06
4.3421e+00 2.8390e-04 7.4406e-06
4.3512e+00 3.1658e-04 7.7758e-06
4.3603e+00 3.3380e-04 7.9754e-06
4.3694e+00 3.7837e-04 8.1715e-06
4.3784e+00 3.6161e-04 8.0999e-06
4.3874e+00 3.1337e-04 7.8537e-06
4.3964e+00 3.0881e-04 8.2146e-06
4.4054e+00 3.6529e-04 8.2784e-06
4.4144e+00 3.9789e-04 8.4189e-06
4.4233e+00 3.0728e-04 7.9848e-06
4.4322e+00 2.6920e-04 7.7485e-06
4.4411e+00 2.9123e-04 8.0571e-06
4.4500e+00 2.9830e-04 8.1533e-06
4.4589e+00 2.9609e-04 8.1356e-06
4.4677e+00 2.7343e-04 7.9195e-06
4.4766e+00 2.4582e-04 7.9729e-06
4.4854e+00 2.5747e-04 8.3973e-06
4.4942e+00 2.4526e-04 8.0217e-06
4.5030e+00 2.4633e-04 8.0991e-06
4.5117e+00 2.3131e-04 8.3635e-06
4.5204e+00 1.9904e-04 8.0286e-06
4.5292e+00 1.9490e-04 7.8253e-06
4.5379e+00 1.9665e-04 7.9995e-06
4.5465e+00 1.9978e-04 8.0759e-06
4.5552e+00 1.8771e-04 8.2330e-06
4.5639e+00 1.8859e-04 8.1268e-06
4.5725e+00 1.7924e-04 7.9669e-06
4.5811e+00 1.9903e-04 8.2040e-06
4.5897e+00 1.9891e-04 8.2668e-06
4.5983e+00 2.0850e-04 8.1993e-06
4.6068e+00 2.0563e-04 8.3293e-06
4.6154e+00 1.8947e-04 8.5648e-06
4.6239e+00 1.7521e-04 8.4717e-06
4.6324e+00 2.1567e-04 8.6124e-06
4.6409e+00 2.3843e-04 9.1932e-06
4.6494e+00 2.2084e-04 9.0634e-06
4.6578e+00 2.5548e-04 8.9541e-06
4.6663e+00 2.7183e-04 9.1147e-06
4.6747e+00 2.3210e-04 8.8687e-06
4.6831e+00 2.4869e-04 9.0375e-06
4.6915e+00 2.5368e-04 9.0766e-06
4.6999e+00 2.2775e-04 9.0360e-06
4.7083e+00 2.1307e-04 8.9190e-06
4.7166e+00 2.0997e-04 8.9166e-06
4.7249e+00 1.9538e-04 8.7247e-06
4.7332e+00 2.0886e-04 8.8894e-06
4.7415e+00 2.2569e-04 9.3816e-06
4.7498e+00 2.4427e-04 9.6092e-06
4.7581e+00 2.3218e-04 9.5060e-06
4.7663e+00 2.0758e-04 9.1941e-06
4.7746e+00 1.7007e-04 9.1625e-06
4.7828e+00 1.5397e-04 9.1088e-06
4.7910e+00 1.9345e-04 9.2717e-06
4.7992e+00 2.3374e-04 9.8023e-06
4.8074e+00 2.0887e-04 9.5895e-06
4.8155e+00 2.1687e-04 9.6519e-06
4.8237e+00 2.1887e-04 9.7172e-06
4.8318e+00 1.9489e-04 9.8457e-06
4.8399e+00 1.7665e-04 9.6164e-06
4.8480e+00 2.1247e-04 9.9109e-06
4.8561e+00 2.4052e-04 1.0151e-05
4.8641e+00 2.6287e-04 1.0162e-05
4.8722e+00 2.4701e-04 1.0074e-05
4.8802e+00 2.2489e-04 1.0064e-05
4.8883e+00 2.1973e-04 1.0284e-05
4.8963e+00 2.0986e-04 1.0285e-05
4.9043e+00 2.2686e-04 1.0328e-05
4.9123e+00 2.6459e-04 1.0314e-05
4.9202e+00 2.6626e-04 1.0522e-05
4.9282e+00 2.3580e-04 1.0444e-05
4.9361e+00 2.1779e-04 1.0376e-05
4.9440e+00 1.9528e-04 1.0257e-05
4.9520e+00 1.5282e-04 1.0006e-05
4.9599e+00 1.7840e-04 1.0217e-05
4.9677e+00 2.3541e-04 1.0699e-05
4.9756e+00 2.5674e-04 1.0734e-05
4.9835e+00 2.5988e-04 1.1146e-05
4.9913e+00 2.6288e-04 1.0783e-05
4.9991e+00 2.6509e-04 1.0848e-05
5.0070e+00 2.2908e-04 1.1015e-05
5.0148e+00 1.4640e-04 1.0590e-05
5.0225e+00 1.3468e-04 1.0846e-05
5.0303e+00 2.2109e-04 1.1346e-05
5.0381e+00 2.4228e-04 1.1673e-05
5.0458e+00 2.4248e-04 1.1243e-05
5.0536e+00 2.6974e-04 1.1476e-05
5.0613e+00 2.7002e-04 1.1888e-05
5.0690e+00 2.5464e-04 1.1643e-05
5.0767e+00 1.6168e-04 1.2126e-05
5.0844e+00 1.6593e-04 1.1524e-05
5.0921e+00 2.1726e-04 1.1692e-05
5.0997e+00 2.3053e-04 1.1743e-05
5.1074e+00 1.9369e-04 1.1658e-05
5.1150e+00 2.2731e-04 1.2076e-05
5.1226e+00 2.3080e-04 1.2708e-05
5.1302e+00 1.5382e-04 1.2071e-05
5.1378e+00 1.1632e-04 1.1986e-05
5.1454e+00 1.1079e-04 1.2010e-05
5.1530e+00 1.3583e-04 1.1980e-05
5.1605e+00 1.6115e-04 1.2363e-05
5.1681e+00 1.8088e-04 1.2693e-05
5.1756e+00 2.1323e-04 1.2597e-05
5.1831e+00 2.1755e-04 1.2949e-05
5.2271e+00 1.6548e-04 5.8250e-07
5.2891e+00 1.4798e-04 5.5814e-07
5.3498e+00 1.3615e-04 5.3956e-07
5.4093e+00 1.0994e-04 5.0771e-07
5.4678e+00 9.1432e-05 4.9863e-07
5.5252e+00 8.3685e-05 4.9233e-07
5.5818e+00 7.0666e-05 4.7362e-07
5.6374e+00 6.3578e-05 4.6277e-07
5.6922e+00 5.7692e-05 4.5368e-07
5.7462e+00 5.5585e-05 4.3455e-07
5.7993e+00 5.5739e-05 4.6069e-07
5.8517e+00 5.1933e-05 4.6867e-07
5.9033e+00 4.8638e-05 4.7830e-07
5.9542e+00 5.1413e-05 4.6687e-07
6.0043e+00 5.6935e-05 5.1833e-07
6.0537e+00 5.7610e-05 4.8215e-07
6.1025e+00 5.9830e-05 5.2322e-07
6.1507e+00 6.5891e-05 5.3136e-07
6.1981e+00 7.7842e-05 5.6445e-07
6.2450e+00 9.5124e-05 5.8186e-07
6.2913e+00 1.0717e-04 6.2224e-07
6.3370e+00 9.4483e-05 6.0019e-07
6.3822e+00 7.0859e-05 5.6538e-07
6.4269e+00 5.1974e-05 5.2937e-07
6.5580e+00 4.1179e-05 5.3170e-07
6.6009e+00 4.3347e-05 5.3929e-07
6.6433e+00 4.9465e-05 5.7353e-07
6.6853e+00 5.6207e-05 6.1852e-07
6.7271e+00 6.1870e-05 6.1392e-07
6.7685e+00 6.4353e-05 6.2870e-07
6.8095e+00 6.6689e-05 6.2748e-07
6.8501e+00 6.5761e-05 6.0869e-07
6.8904e+00 7.3955e-05 6.8551e-07
6.9305e+00 8.1641e-05 7.2479e-07
6.9702e+00 7.9220e-05 6.9443e-07
7.0096e+00 7.6973e-05 6.7501e-07
7.0486e+00 7.5505e-05 7.0060e-07
7.0874e+00 7.8128e-05 7.0520e-07
7.1258e+00 7.2436e-05 7.3646e-07
7.1639e+00 6.5731e-05 6.9791e-07
7.2017e+00 5.9666e-05 7.0555e-07
7.2393e+00 5.6676e-05 6.9040e-07
7.2765e+00 5.3492e-05 6.9205e-07
7.3135e+00 4.9045e-05 6.8765e-07
7.3501e+00 4.3124e-05 7.0057e-07
7.3865e+00 3.9033e-05 7.0408e-07
7.4227e+00 3.9009e-05 7.0002e-07
7.4585e+00 4.1342e-05 7.0905e-07
7.4942e+00 4.6707e-05 7.3765e-07
7.5295e+00 5.2524e-05 7.4192e-07
7.5646e+00 5.7307e-05 7.4614e-07
7.5994e+00 5.8420e-05 7.6293e-07
7.6341e+00 5.2812e-05 7.4168e-07
7.6684e+00 4.1707e-05 7.3602e-07
7.7025e+00 3.5528e-05 7.3157e-07
7.7363e+00 3.8937e-05 7.4630e-07
7.7700e+00 4.1721e-05 7.6759e-07
7.8034e+00 4.8035e-05 7.7867e-07
7.8367e+00 5.2670e-05 8.1926e-07
7.8697e+00 5.1767e-05 8.4309e-07
7.9024e+00 5.5136e-05 8.2182e-07
7.9350e+00 5.5628e-05 8.2702e-07
7.9674e+00 6.4347e-05 8.6325e-07
7.9996e+00 6.1228e-05 8.4709e-07
8.0315e+00 6.1126e-05 8.8538e-07
8.0634e+00 6.2413e-05 9.0842e-07
8.0950e+00 6.8559e-05 9.2691e-07
8.1264e+00 7.9102e-05 9.5441e-07
8.1577e+00 7.9674e-05 1.0077e-06
8.1888e+00 7.8380e-05 9.7329e-07
8.2197e+00 8.0853e-05 1.0130e-06
8.2505e+00 9.0233e-05 1.0483e-06
8.2810e+00 9.5686e-05 1.0150e-06
8.3115e+00 9.7351e-05 1.0871e-06
8.3418e+00 1.0340e-04 1.0954e-06
8.3719e+00 1.0548e-04 1.1193e-06
8.4020e+00 1.1272e-04 1.1312e-06
8.4319e+00 1.2280e-04 1.1418e-06
8.4616e+00 1.2425e-04 1.1702e-06
8.4912e+00 1.2702e-04 1.1606e-06
8.5207e+00 1.3100e-04 1.1896e-06
8.5500e+00 1.4046e-04 1.2205e-06
8.5792e+00 1.4866e-04 1.2355e-06
8.6083e+00 1.4835e-04 1.2449e-06
8.6372e+00 1.5113e-04 1.2773e-06
8.6660e+00 1.6003e-04 1.3057e-06
8.6947e+00 1.6811e-04 1.3437e-06
8.7233e+00 1.7301e-04 1.3642e-06
8.7516e+00 1.7740e-04 1.3831e-06
8.7799e+00 1.6993e-04 1.3122e-06
8.8081e+00 1.7277e-04 1.3932e-06
8.8361e+00 1.8102e-04 1.4048e-06
8.8640e+00 1.9477e-04 1.4727e-06
8.8918e+00 1.9312e-04 1.4600e-06
8.9194e+00 1.8492e-04 1.4875e-06
8.9470e+00 1.7896e-04 1.4801e-06
8.9744e+00 1.8501e-04 1.5107e-06
9.0017e+00 1.9266e-04 1.5198e-06
9.0288e+00 1.9600e-04 1.5461e-06
9.0559e+00 2.0058e-04 1.5546e-06
9.0828e+00 2.0199e-04 1.7216e-06
9.1097e+00 2.0199e-04 1.5026e-06
9.1364e+00 2.0078e-04 1.6218e-06
9.1630e+00 1.9178e-04 1.6235e-06
9.1895e+00 2.0649e-04 1.6757e-06
9.2158e+00 2.1303e-04 1.7361e-06
9.2421e+00 2.2850e-04 1.7102e-06
9.2681e+00 2.2148e-04 1.7138e-06
9.2941e+00 2.0670e-04 1.7076e-06
9.3201e+00 2.0237e-04 1.6514e-06
9.3459e+00 2.0563e-04 1.7204e-06
9.3715e+00 2.1324e-04 1.7509e-06
9.3971e+00 2.2443e-04 1.7892e-06
9.4226e+00 2.2463e-04 1.7803e-06
9.4480e+00 2.1823e-04 1.7903e-06
9.4732e+00 2.1650e-04 1.8061e-06
9.4984e+00 2.1991e-04 1.8484e-06
9.5235e+00 2.2528e-04 1.8601e-06
9.5484e+00 2.3497e-04 1.8966e-06
9.5732e+00 2.4606e-04 1.8972e-06
9.5980e+00 2.4083e-04 1.9519e-06
9.6226e+00 2.3161e-04 1.9198e-06
9.6473e+00 2.2025e-04 2.0062e-06
9.6717e+00 2.1111e-04 1.9346e-06
9.6961e+00 2.1483e-04 1.9530e-06
9.7203e+00 2.2716e-04 1.9765e-06
9.7445e+00 2.4943e-04 2.0400e-06
9.7685e+00 2.6033e-04 2.0583e-06
9.7925e+00 2.7167e-04 2.1298e-06
9.8163e+00 2.5856e-04 2.1068e-06
9.8401e+00 2.4223e-04 2.0789e-06
9.8638e+00 2.2459e-04 2.0582e-06
9.8875e+00 2.2004e-04 2.1661e-06
9.9110e+00 2.3161e-04 2.1277e-06
9.9344e+00 2.5952e-04 2.2051e-06
9.9577e+00 2.8583e-04 2.2563e-06
9.9809e+00 2.9546e-04 2.3029e-06
1.0004e+01 2.9326e-04 2.3036e-06
1.0027e+01 2.7850e-04 2.3440e-06
1.0050e+01 2.5701e-04 2.3210e-06
1.0073e+01 2.3995e-04 2.1743e-06
1.0096e+01 2.5211e-04 2.3396e-06
1.0118e+01 2.6586e-04 2.4350e-06
1.0141e+01 2.9973e-04 2.5057e-06
1.0164e+01 3.0624e-04 2.5645e-06
1.0187e+01 3.1335e-04 2.5781e-06
1.0209e+01 3.0754e-04 2.6279e-06
1.0231e+01 2.9434e-04 2.6144e-06
1.0253e+01 2.7010e-04 2.5918e-06
1.0276e+01 2.3178e-04 2.5152e-06
1.0298e+01 2.0456e-04 2.5365e-06
1.0320e+01 1.6410e-04 2.4286e-06
1.0342e+01 1.2264e-04 2.3654e-06
1.0363e+01 8.9748e-05 2.3308e-06
1.0385e+01 9.3835e-05 2.4563e-06
1.0407e+01 9.9661e-05 2.4904e-06
1.0429e+01 1.1194e-04 2.5868e-06
1.0451e+01 1.2594e-04 2.5912e-06
1.0472e+01 1.3358e-04 2.7243e-06
1.0493e+01 1.4028e-04 2.7445e-06
1.0515e+01 1.3254e-04 2.8042e-06
1.0536e+01 1.5185e-04 2.8295e-06
1.0558e+01 1.6023e-04 2.9402e-06
1.0579e+01 1.7100e-04 2.9728e-06
1.0600e+01 1.7857e-04 3.0245e-06
1.0621e+01 1.8887e-04 3.3357e-06
1.0642e+01 1.6780e-04 3.2808e-06
1.0663e+01 1.4965e-04 3.0030e-06
1.0684e+01 1.1593e-04 3.1330e-06
1.0705e+01 9.9171e-05 3.1174e-06
1.0726e+01 9.6216e-05 3.2262e-06
1.0746e+01 9.4222e-05 3.2012e-06
1.0767e+01 1.0732e-04 3.3455e-06
1.0787e+01 1.2470e-04 3.3779e-06
1.0808e+01 1.3665e-04 3.4635e-06
1.0829e+01 1.4528e-04 3.5579e-06
1.0850e+01 1.5039e-04 3.6341e-06
1.0869e+01 1.6317e-04 3.6850e-06
1.0890e+01 1.5878e-04 3.7483e-06
1.0910e+01 1.6375e-04 3.7522e-06
1.0930e+01 1.8068e-04 3.8816e-06
1.0951e+01 1.6521e-04 3.9800e-06
1.0971e+01 1.5653e-04 4.1364e-06
1.0990e+01 1.7469e-04 4.2625e-06
1.1010e+01 1.6231e-04 4.3300e-06
1.1031e+01 1.8186e-04 4.2167e-06
1.1051e+01 2.1653e-04 4.5294e-06
1.1071e+01 2.2277e-04 4.5845e-06
1.1091e+01 2.3384e-04 4.6306e-06
1.1110e+01 2.2010e-04 4.7460e-06
1.1129e+01 2.5736e-04 5.0418e-06
1.1149e+01 2.5242e-04 4.9621e-06
1.1169e+01 2.4383e-04 5.0205e-06
1.1189e+01 2.3091e-04 5.1056e-06
1.1208e+01 2.1460e-04 5.2602e-06
1.1228e+01 1.9101e-04 5.3515e-06
1.1247e+01 2.1828e-04 6.1940e-06
1.1266e+01 2.0862e-04 6.2521e-06
1.1286e+01 2.2577e-04 5.7286e-06
1.1305e+01 2.2452e-04 5.6143e-06
1.1324e+01 2.4204e-04 5.7804e-06
1.1344e+01 2.3626e-04 5.8435e-06
1.1363e+01 2.2794e-04 6.0218e-06
1.1381e+01 2.3495e-04 5.8976e-06
1.1400e+01 2.4081e-04 6.1249e-06
1.1419e+01 2.5164e-04 5.8316e-06
1.1438e+01 2.2916e-04 6.1174e-06
1.1457e+01 2.0767e-04 5.8058e-06
1.1476e+01 2.0801e-04 6.2280e-06
1.1494e+01 2.2302e-04 6.2032e-06
1.1513e+01 2.0900e-04 6.4646e-06
1.1532e+01 1.9544e-04 6.1914e-06
1.1551e+01 2.1762e-04 6.7845e-06
1.1569e+01 2.3446e-04 6.7805e-06
1.1588e+01 2.4082e-04 7.0419e-06
1.1607e+01 2.1998e-04 7.0496e-06
1.1624e+01 2.0462e-04 7.2127e-06
1.1643e+01 2.1350e-04 7.0112e-06
1.1661e+01 2.1110e-04 6.9966e-06
1.1680e+01 1.9906e-04 7.3825e-06
1.1698e+01 1.9268e-04 7.5514e-06
1.1717e+01 1.8173e-04 7.6747e-06
1.1735e+01 1.6417e-04 8.0023e-06
1.1752e+01 1.7518e-04 8.0456e-06
1.1770e+01 1.7226e-04 8.4241e-06
1.1788e+01 1.7673e-04 8.0545e-06
1.1807e+01 2.0487e-04 8.6507e-06
1.1825e+01 1.9480e-04 8.7047e-06
1.1843e+01 2.2634e-04 9.5834e-06
1.1861e+01 1.9922e-04 9.1298e-06
1.1878e+01 1.7310e-04 9.4966e-06
1.1896e+01 2.1920e-04 9.6036e-06
1.1913e+01 1.9142e-04 1.0088e-05
1.1931e+01 2.0551e-04 9.9940e-06
1.1949e+01 2.0524e-04 1.0190e-05
1.1967e+01 1.6970e-04 1.0496e-05
