# Wavelength(micron)	Flux(Jy)	Flux_error(Jy)
9.5620e-01 3.0197e-06 8.7958e-07
9.6951e-01 3.9113e-06 8.4683e-07
9.8315e-01 7.0943e-06 8.7108e-07
9.9712e-01 1.0893e-05 8.9289e-07
1.0114e+00 1.7248e-05 9.0472e-07
1.0260e+00 2.2660e-05 9.0954e-07
1.0410e+00 3.0960e-05 9.3863e-07
1.0563e+00 3.6526e-05 9.4436e-07
1.0719e+00 3.8327e-05 9.3953e-07
1.0878e+00 3.3184e-05 9.0893e-07
1.1041e+00 1.5705e-05 8.0176e-07
1.1206e+00 4.2807e-06 6.9264e-07
1.1375e+00 1.8640e-06 6.9378e-07
1.1546e+00 1.7374e-06 6.9548e-07
1.1721e+00 3.5753e-06 6.8016e-07
1.1897e+00 9.1318e-06 6.9719e-07
1.2077e+00 1.9787e-05 7.7557e-07
1.2259e+00 3.5264e-05 8.5193e-07
1.2443e+00 5.7517e-05 9.4913e-07
1.2629e+00 7.9233e-05 1.0397e-06
1.2817e+00 7.9554e-05 1.0675e-06
1.3007e+00 5.3527e-05 9.5967e-07
1.3199e+00 2.9821e-05 8.6120e-07
1.3393e+00 9.4552e-06 7.6752e-07
1.3587e+00 2.6664e-06 7.2784e-07
1.3783e+00 1.4316e-06 7.4356e-07
1.3980e+00 1.8701e-07 7.7362e-07
1.4178e+00 7.2711e-07 7.8637e-07
1.4376e+00 1.9633e-06 7.9315e-07
1.4575e+00 2.8149e-06 7.9415e-07
1.4775e+00 3.1544e-06 8.2114e-07
1.4975e+00 4.6146e-06 8.5555e-07
1.5175e+00 9.4111e-06 9.1699e-07
1.5376e+00 2.5351e-05 1.0361e-06
1.5576e+00 4.7665e-05 1.1647e-06
1.5777e+00 6.6767e-05 1.2943e-06
1.5977e+00 6.1461e-05 1.2645e-06
1.6177e+00 3.0297e-05 1.1316e-06
1.6376e+00 1.1525e-05 1.1042e-06
1.6575e+00 7.1887e-06 1.0719e-06
1.6774e+00 6.2392e-06 1.0901e-06
1.6972e+00 5.4569e-06 1.0818e-06
1.7170e+00 5.9531e-06 1.0969e-06
1.7366e+00 6.8785e-06 1.1043e-06
1.7562e+00 6.3006e-06 1.1369e-06
1.7758e+00 2.6295e-06 1.1378e-06
1.7952e+00 1.6542e-06 1.1655e-06
1.8146e+00 2.3093e-06 1.1791e-06
1.8339e+00 1.3097e-06 1.1874e-06
1.8531e+00 6.5743e-07 1.1802e-06
1.8722e+00 1.5138e-06 1.2203e-06
1.8912e+00 -6.2316e-07 1.2541e-06
1.9101e+00 1.3335e-06 1.2626e-06
1.9289e+00 9.3510e-07 1.3069e-06
1.9476e+00 2.3211e-06 1.3158e-06
1.9663e+00 4.1277e-06 1.3310e-06
1.9848e+00 4.5383e-06 1.3108e-06
2.0032e+00 6.4954e-06 1.3641e-06
2.0215e+00 8.2600e-06 1.3891e-06
2.0397e+00 1.0005e-05 1.4121e-06
2.0579e+00 1.0514e-05 1.4260e-06
2.0759e+00 1.3604e-05 1.4491e-06
2.0938e+00 1.2873e-05 1.4804e-06
2.1116e+00 1.3102e-05 1.5046e-06
2.1293e+00 1.1787e-05 1.4796e-06
2.1469e+00 1.2096e-05 1.4972e-06
2.1644e+00 1.1478e-05 1.5154e-06
2.1819e+00 4.4581e-06 1.5153e-06
2.1992e+00 4.2723e-06 1.5727e-06
2.2164e+00 1.3209e-06 1.5837e-06
2.2335e+00 -2.5314e-07 1.6252e-06
2.2505e+00 -8.8264e-08 1.5875e-06
2.2675e+00 -5.5862e-07 1.6304e-06
2.2843e+00 1.0815e-06 1.6017e-06
2.3011e+00 6.5321e-07 1.5884e-06
2.3177e+00 9.5170e-07 1.6035e-06
2.3331e+00 -5.5903e-07 1.6081e-06
2.3496e+00 -4.9909e-07 1.6624e-06
2.3660e+00 -1.3654e-06 1.6529e-06
2.3823e+00 -2.8341e-07 1.6892e-06
2.3985e+00 1.9878e-06 1.6679e-06
2.4146e+00 2.1626e-06 1.7399e-06
2.4306e+00 4.4297e-06 1.7436e-06
2.4466e+00 5.1561e-06 1.7735e-06
2.4624e+00 4.8127e-06 1.7539e-06
2.4782e+00 5.9879e-06 1.7962e-06
2.4939e+00 5.7656e-06 1.7898e-06
2.5095e+00 3.9551e-06 1.7999e-06
2.5250e+00 3.7447e-06 1.7808e-06
2.5404e+00 2.5418e-06 1.8455e-06
2.5558e+00 2.4595e-06 1.8197e-06
2.5711e+00 1.9346e-06 1.8226e-06
2.5863e+00 1.1786e-06 1.8125e-06
2.6014e+00 1.3554e-06 1.8225e-06
2.6164e+00 7.6574e-07 1.8932e-06
2.6314e+00 3.4610e-06 1.9580e-06
2.6463e+00 3.0291e-06 1.9555e-06
2.6611e+00 4.8528e-06 1.9918e-06
2.6759e+00 1.7840e-06 1.9811e-06
2.6906e+00 7.0403e-07 1.9500e-06
2.7052e+00 1.6453e-06 2.0011e-06
2.7197e+00 -4.7954e-07 2.0797e-06
2.7342e+00 1.7940e-06 2.1724e-06
2.7486e+00 3.5606e-06 2.2263e-06
2.7629e+00 3.1556e-06 2.2122e-06
2.7772e+00 2.5876e-06 2.1312e-06
2.7914e+00 1.7664e-07 2.2240e-06
2.8055e+00 5.0289e-06 2.2854e-06
2.8196e+00 3.6291e-06 2.2593e-06
2.8336e+00 6.1706e-06 2.2718e-06
2.8475e+00 3.3178e-06 2.2709e-06
2.8614e+00 3.4587e-06 2.3552e-06
2.8752e+00 6.4492e-06 2.3876e-06
2.8890e+00 1.2412e-05 2.4187e-06
2.9027e+00 1.2139e-05 2.4667e-06
2.9163e+00 1.1472e-05 2.5193e-06
2.9299e+00 1.0950e-05 2.4994e-06
2.9434e+00 1.5006e-05 2.5656e-06
2.9568e+00 1.8654e-05 2.6147e-06
2.9702e+00 1.6286e-05 2.5647e-06
2.9836e+00 2.2364e-05 2.6182e-06
2.9969e+00 2.2597e-05 2.7177e-06
3.0101e+00 1.9032e-05 2.6750e-06
3.0233e+00 2.8858e-05 2.7139e-06
3.0364e+00 2.9230e-05 2.6723e-06
3.0495e+00 2.8586e-05 2.7285e-06
3.0625e+00 3.4223e-05 2.7487e-06
3.0754e+00 3.0720e-05 2.7814e-06
3.0883e+00 2.0719e-05 2.8471e-06
3.1012e+00 1.6052e-05 2.7884e-06
3.1140e+00 1.7109e-05 2.7894e-06
3.1268e+00 1.6357e-05 2.7858e-06
3.1395e+00 1.0669e-05 2.8235e-06
3.1521e+00 1.0657e-05 2.8240e-06
3.1647e+00 5.0669e-06 2.7591e-06
3.1773e+00 3.7427e-06 2.8929e-06
3.1898e+00 3.7834e-06 2.8562e-06
3.2023e+00 2.0666e-06 2.8458e-06
3.2147e+00 -1.2529e-06 2.8186e-06
3.2270e+00 -1.4754e-06 2.8745e-06
3.2394e+00 1.8383e-06 2.9386e-06
3.2516e+00 1.0975e-06 2.9515e-06
3.2639e+00 3.6448e-06 2.9329e-06
3.2761e+00 4.9130e-06 2.8936e-06
3.2882e+00 8.8866e-06 2.9837e-06
3.3003e+00 6.6532e-06 3.0286e-06
3.3123e+00 2.9121e-06 3.0590e-06
3.3244e+00 -1.5357e-06 3.1010e-06
3.3363e+00 4.9038e-06 3.1559e-06
3.3483e+00 4.1959e-06 3.0578e-06
3.3601e+00 5.9127e-06 3.1386e-06
3.3720e+00 5.6863e-06 3.2704e-06
3.3838e+00 9.5155e-07 3.1881e-06
3.3955e+00 2.6783e-06 3.2340e-06
3.4073e+00 8.2710e-06 3.3778e-06
3.4189e+00 7.8738e-06 3.3647e-06
3.4306e+00 -1.6119e-06 3.4680e-06
3.4422e+00 2.1492e-06 3.3117e-06
3.4537e+00 4.4947e-06 3.3591e-06
3.4653e+00 5.9830e-06 3.3216e-06
3.4768e+00 5.0029e-06 3.3721e-06
3.4882e+00 5.0995e-06 3.3543e-06
3.4996e+00 1.5246e-06 3.4797e-06
3.5110e+00 7.1606e-06 3.5029e-06
3.5223e+00 1.2207e-05 3.5185e-06
3.5336e+00 1.4173e-05 3.5384e-06
3.5449e+00 1.2591e-05 3.5566e-06
3.5561e+00 1.1811e-05 3.8926e-06
3.5673e+00 1.3697e-05 3.8358e-06
3.5784e+00 1.5439e-05 3.6080e-06
3.5896e+00 1.5312e-05 3.6833e-06
3.6007e+00 1.6446e-05 3.7865e-06
3.6117e+00 2.0440e-05 3.8858e-06
3.6227e+00 3.1448e-05 3.8273e-06
3.6337e+00 3.6929e-05 3.8844e-06
3.6447e+00 4.0779e-05 3.8710e-06
3.6556e+00 5.3337e-05 4.0149e-06
3.6664e+00 5.1430e-05 4.1782e-06
3.6773e+00 5.2005e-05 4.1681e-06
3.6881e+00 5.7733e-05 4.0738e-06
3.6989e+00 6.4804e-05 4.3103e-06
3.7097e+00 5.9350e-05 4.3273e-06
3.7204e+00 6.4195e-05 4.3503e-06
3.7311e+00 6.9812e-05 4.4218e-06
3.7417e+00 7.8930e-05 4.4403e-06
3.7523e+00 1.0180e-04 4.6441e-06
3.7629e+00 1.0768e-04 4.7095e-06
3.7735e+00 8.2439e-05 4.5367e-06
3.7840e+00 8.5661e-05 4.6424e-06
3.7946e+00 9.2693e-05 4.6940e-06
3.8050e+00 1.1319e-04 4.7475e-06
3.8155e+00 1.3724e-04 5.0489e-06
3.8259e+00 1.6001e-04 5.1632e-06
3.8363e+00 1.4929e-04 5.1093e-06
3.8466e+00 1.0439e-04 4.7568e-06
3.8570e+00 1.1318e-04 4.8633e-06
3.8673e+00 1.3174e-04 5.0992e-06
3.8775e+00 1.4577e-04 5.1256e-06
3.8878e+00 1.5295e-04 5.3023e-06
3.8980e+00 1.5510e-04 5.2810e-06
3.9082e+00 1.6517e-04 5.4027e-06
3.9184e+00 1.7935e-04 5.4968e-06
3.9285e+00 1.9319e-04 5.6212e-06
3.9386e+00 2.0293e-04 5.6745e-06
3.9487e+00 2.0482e-04 5.6694e-06
3.9587e+00 2.1813e-04 5.8098e-06
3.9688e+00 2.2496e-04 6.0444e-06
3.9788e+00 2.1601e-04 6.0591e-06
3.9887e+00 2.4346e-04 6.0531e-06
3.9987e+00 2.6152e-04 6.2107e-06
4.0086e+00 2.5059e-04 6.1865e-06
4.0185e+00 2.6259e-04 6.2155e-06
4.0284e+00 2.7788e-04 6.4370e-06
4.0382e+00 2.6303e-04 6.3719e-06
4.0480e+00 2.8451e-04 6.4505e-06
4.0578e+00 3.0975e-04 6.6194e-06
4.0676e+00 3.2318e-04 6.6164e-06
4.0774e+00 3.1686e-04 6.7091e-06
4.0871e+00 3.2940e-04 6.9791e-06
4.0968e+00 3.3164e-04 7.0696e-06
4.1065e+00 3.2132e-04 7.0149e-06
4.1161e+00 3.0393e-04 6.9425e-06
4.1257e+00 3.4567e-04 7.0630e-06
4.1353e+00 3.5912e-04 7.2601e-06
4.1449e+00 3.3233e-04 7.0586e-06
4.1545e+00 3.1159e-04 7.0972e-06
4.1640e+00 3.3328e-04 7.2493e-06
4.1735e+00 3.5889e-04 7.2620e-06
4.1830e+00 3.2512e-04 7.1283e-06
4.1925e+00 3.0920e-04 7.3094e-06
4.2019e+00 3.5012e-04 7.6477e-06
4.2114e+00 3.5332e-04 7.7643e-06
4.2208e+00 2.9064e-04 7.3346e-06
4.2301e+00 2.7321e-04 7.0462e-06
4.2395e+00 2.9582e-04 7.1853e-06
4.2488e+00 3.0985e-04 7.3704e-06
4.2581e+00 3.0698e-04 7.3436e-06
4.2674e+00 2.9283e-04 7.4002e-06
4.2767e+00 3.0023e-04 7.4509e-06
4.2859e+00 3.2028e-04 7.5960e-06
4.2952e+00 3.0075e-04 7.5594e-06
4.3044e+00 2.7104e-04 7.3371e-06
4.3136e+00 2.9062e-04 7.4158e-06
4.3227e+00 3.4476e-04 7.8772e-06
4.3319e+00 3.2616e-04 7.8146e-06
4.3410e+00 2.8290e-04 7.6964e-06
4.3501e+00 2.8114e-04 7.5072e-06
4.3592e+00 3.1349e-04 7.8909e-06
4.3682e+00 3.2039e-04 7.8984e-06
4.3773e+00 3.3447e-04 7.7733e-06
4.3863e+00 2.8954e-04 7.9980e-06
4.3953e+00 2.7080e-04 8.0221e-06
4.4043e+00 3.3928e-04 8.1053e-06
4.4132e+00 3.8044e-04 8.5109e-06
4.4222e+00 3.0736e-04 8.1202e-06
4.4311e+00 2.4317e-04 7.9660e-06
4.4400e+00 2.5072e-04 7.9603e-06
4.4489e+00 2.8759e-04 8.0828e-06
4.4578e+00 2.9454e-04 8.1019e-06
4.4666e+00 2.6004e-04 8.0699e-06
4.4754e+00 2.4262e-04 8.1273e-06
4.4843e+00 2.5600e-04 8.5439e-06
4.4930e+00 2.6781e-04 8.2587e-06
4.5018e+00 2.5062e-04 8.0983e-06
4.5106e+00 2.1893e-04 8.2078e-06
4.5193e+00 1.9443e-04 8.0899e-06
4.5280e+00 1.7445e-04 7.7872e-06
4.5367e+00 1.9900e-04 8.0583e-06
4.5454e+00 2.2768e-04 8.2595e-06
4.5541e+00 2.3191e-04 8.3279e-06
4.5627e+00 2.1608e-04 8.2705e-06
4.5714e+00 1.9296e-04 7.8940e-06
4.5800e+00 1.9832e-04 8.1570e-06
4.5886e+00 2.2216e-04 8.4519e-06
4.5971e+00 2.4136e-04 8.5504e-06
4.6057e+00 2.2650e-04 8.5195e-06
4.6143e+00 2.1105e-04 8.5025e-06
4.6228e+00 1.7677e-04 8.5151e-06
4.6313e+00 2.1037e-04 8.5868e-06
4.6398e+00 2.2706e-04 8.9384e-06
4.6483e+00 2.0331e-04 9.1037e-06
4.6567e+00 2.3366e-04 8.8782e-06
4.6652e+00 2.4194e-04 9.0787e-06
4.6736e+00 1.9592e-04 8.7388e-06
4.6820e+00 2.3647e-04 8.9207e-06
4.6904e+00 2.8874e-04 9.3465e-06
4.6988e+00 2.4136e-04 9.1898e-06
4.7071e+00 2.1120e-04 9.1411e-06
4.7155e+00 2.1357e-04 8.9538e-06
4.7238e+00 1.8182e-04 8.8532e-06
4.7321e+00 1.9065e-04 8.9725e-06
4.7404e+00 2.3533e-04 9.3876e-06
4.7487e+00 2.6875e-04 9.6103e-06
4.7570e+00 2.4291e-04 9.3996e-06
4.7652e+00 2.2110e-04 9.2629e-06
4.7734e+00 1.6594e-04 9.2162e-06
4.7817e+00 1.3205e-04 9.0417e-06
4.7899e+00 1.7459e-04 9.2214e-06
4.7981e+00 2.2493e-04 9.6211e-06
4.8062e+00 1.9303e-04 9.5825e-06
4.8144e+00 1.7392e-04 9.5020e-06
4.8225e+00 2.3048e-04 9.8426e-06
4.8307e+00 2.3228e-04 1.0193e-05
4.8388e+00 1.5617e-04 9.6663e-06
4.8469e+00 1.8527e-04 1.0051e-05
4.8549e+00 2.2699e-04 9.9985e-06
4.8630e+00 2.5359e-04 1.0178e-05
4.8711e+00 2.3303e-04 1.0146e-05
4.8791e+00 2.0284e-04 1.0275e-05
4.8871e+00 1.7827e-04 1.0323e-05
4.8951e+00 1.6764e-04 1.0060e-05
4.9031e+00 1.9797e-04 1.0135e-05
4.9111e+00 2.4104e-04 1.0415e-05
4.9191e+00 2.7907e-04 1.0686e-05
4.9270e+00 2.2983e-04 1.0527e-05
4.9350e+00 1.7154e-04 1.0117e-05
4.9429e+00 1.4504e-04 1.0085e-05
4.9508e+00 9.8454e-05 9.9222e-06
4.9587e+00 1.0403e-04 9.9616e-06
4.9666e+00 2.0664e-04 1.0667e-05
4.9745e+00 2.1155e-04 1.0549e-05
4.9823e+00 2.0618e-04 1.0606e-05
4.9902e+00 2.3242e-04 1.0747e-05
4.9980e+00 2.1633e-04 1.0933e-05
5.0058e+00 1.7825e-04 1.0830e-05
5.0136e+00 1.1279e-04 1.0764e-05
5.0214e+00 8.3505e-05 1.0576e-05
5.0292e+00 1.4007e-04 1.1186e-05
5.0369e+00 1.8558e-04 1.1715e-05
5.0447e+00 2.0640e-04 1.1118e-05
5.0524e+00 2.3691e-04 1.1369e-05
5.0602e+00 2.4036e-04 1.1712e-05
5.0679e+00 2.1699e-04 1.1919e-05
5.0756e+00 1.3887e-04 1.2527e-05
5.0832e+00 1.3127e-04 1.1376e-05
5.0909e+00 1.5858e-04 1.1318e-05
5.0986e+00 1.6691e-04 1.1401e-05
5.1062e+00 1.3113e-04 1.1629e-05
5.1139e+00 1.7091e-04 1.2239e-05
5.1215e+00 1.9471e-04 1.2911e-05
5.1291e+00 1.2752e-04 1.2028e-05
5.1367e+00 6.8704e-05 1.1929e-05
5.1443e+00 3.7882e-05 1.1724e-05
5.1518e+00 6.2735e-05 1.1831e-05
5.1594e+00 1.1720e-04 1.2436e-05
5.1669e+00 1.4404e-04 1.2402e-05
5.1745e+00 1.4838e-04 1.2465e-05
5.1820e+00 1.7181e-04 1.2784e-05
5.1895e+00 1.3779e-04 1.2614e-05
5.2268e+00 1.2352e-04 4.7997e-07
5.2888e+00 1.1082e-04 4.3980e-07
5.3496e+00 9.8972e-05 4.2683e-07
5.4091e+00 7.9813e-05 3.9748e-07
5.4676e+00 6.1794e-05 3.8131e-07
5.5250e+00 5.2039e-05 3.7014e-07
5.5816e+00 4.1724e-05 3.5970e-07
5.6373e+00 3.6100e-05 3.4837e-07
5.6920e+00 3.0216e-05 3.3879e-07
5.7460e+00 2.8137e-05 3.2240e-07
5.7992e+00 2.9360e-05 3.4665e-07
5.8515e+00 2.8494e-05 3.5527e-07
5.9031e+00 2.5032e-05 3.5224e-07
5.9540e+00 2.6251e-05 3.5087e-07
6.0042e+00 3.0284e-05 3.8261e-07
6.0536e+00 3.0683e-05 3.6423e-07
6.1024e+00 3.0702e-05 3.9421e-07
6.1505e+00 3.5267e-05 3.9797e-07
6.1980e+00 4.5436e-05 4.3517e-07
6.2449e+00 6.6044e-05 4.5989e-07
6.2912e+00 7.4638e-05 4.8981e-07
6.3369e+00 6.2824e-05 4.7297e-07
6.3821e+00 4.3607e-05 4.4096e-07
6.4268e+00 2.8582e-05 4.1555e-07
6.5580e+00 2.3983e-05 4.2135e-07
6.6008e+00 2.4663e-05 4.3055e-07
6.6433e+00 2.7554e-05 4.5415e-07
6.6854e+00 3.3215e-05 4.6019e-07
6.7270e+00 3.9350e-05 4.8913e-07
6.7684e+00 3.9784e-05 4.9829e-07
6.8094e+00 4.0766e-05 4.9510e-07
6.8501e+00 4.1393e-05 5.1289e-07
6.8905e+00 4.8859e-05 5.4134e-07
6.9305e+00 5.4376e-05 5.4452e-07
6.9702e+00 5.7597e-05 5.6742e-07
7.0096e+00 5.2653e-05 5.5901e-07
7.0486e+00 5.4191e-05 5.7218e-07
7.0873e+00 5.9917e-05 6.0468e-07
7.1258e+00 6.0269e-05 6.3313e-07
7.1639e+00 5.1006e-05 5.8175e-07
7.2017e+00 4.3824e-05 5.8708e-07
7.2393e+00 4.2865e-05 5.7722e-07
7.2765e+00 4.0551e-05 5.9057e-07
7.3135e+00 3.5232e-05 5.7886e-07
7.3502e+00 3.2781e-05 5.9246e-07
7.3866e+00 3.0909e-05 5.8883e-07
7.4227e+00 2.8682e-05 5.7915e-07
7.4586e+00 3.2890e-05 6.0066e-07
7.4942e+00 3.5403e-05 6.1167e-07
7.5295e+00 4.1428e-05 6.2447e-07
7.5646e+00 4.5439e-05 6.4714e-07
7.5995e+00 4.6271e-05 6.5228e-07
7.6341e+00 4.1883e-05 6.2657e-07
7.6684e+00 3.1645e-05 6.2336e-07
7.7026e+00 2.5489e-05 6.3207e-07
7.7364e+00 2.6894e-05 6.6558e-07
7.7701e+00 3.4541e-05 7.0066e-07
7.8035e+00 4.2500e-05 6.7856e-07
7.8368e+00 4.0997e-05 6.5721e-07
7.8697e+00 4.1553e-05 6.7604e-07
7.9025e+00 4.1804e-05 6.8538e-07
7.9351e+00 4.4436e-05 6.9321e-07
7.9676e+00 4.7689e-05 7.4528e-07
7.9997e+00 4.9117e-05 7.2746e-07
8.0317e+00 4.9397e-05 7.4200e-07
8.0635e+00 5.1961e-05 7.7214e-07
8.0951e+00 5.9890e-05 8.0107e-07
8.1265e+00 6.8394e-05 8.2815e-07
8.1578e+00 6.9867e-05 8.1789e-07
8.1889e+00 6.9028e-05 8.5254e-07
8.2198e+00 7.6216e-05 8.9604e-07
8.2506e+00 8.4398e-05 9.1362e-07
8.2812e+00 9.0375e-05 8.8805e-07
8.3116e+00 9.5700e-05 9.5753e-07
8.3420e+00 9.7597e-05 9.6592e-07
8.3722e+00 9.6739e-05 9.7899e-07
8.4021e+00 1.0665e-04 1.0068e-06
8.4320e+00 1.1368e-04 1.0823e-06
8.4618e+00 1.2290e-04 1.0216e-06
8.4913e+00 1.2154e-04 1.0293e-06
8.5208e+00 1.2593e-04 1.0505e-06
8.5502e+00 1.3445e-04 1.0694e-06
8.5794e+00 1.4159e-04 1.1091e-06
8.6085e+00 1.4216e-04 1.1103e-06
8.6374e+00 1.4202e-04 1.1405e-06
8.6662e+00 1.5363e-04 1.1683e-06
8.6949e+00 1.6422e-04 1.2325e-06
8.7234e+00 1.6957e-04 1.2384e-06
8.7519e+00 1.5959e-04 1.2496e-06
8.7801e+00 1.5597e-04 1.2063e-06
8.8083e+00 1.6127e-04 1.2621e-06
8.8363e+00 1.7336e-04 1.2757e-06
8.8642e+00 1.8166e-04 1.3348e-06
8.8920e+00 1.7284e-04 1.2937e-06
8.9197e+00 1.6028e-04 1.3534e-06
8.9473e+00 1.5404e-04 1.3446e-06
8.9747e+00 1.5480e-04 1.3775e-06
9.0019e+00 1.6433e-04 1.3410e-06
9.0291e+00 1.5982e-04 1.3430e-06
9.0561e+00 1.6201e-04 1.4418e-06
9.0831e+00 1.5581e-04 1.4588e-06
9.1099e+00 1.5348e-04 1.3136e-06
9.1366e+00 1.6134e-04 1.3909e-06
9.1632e+00 1.4669e-04 1.3936e-06
9.1897e+00 1.5585e-04 1.4150e-06
9.2160e+00 1.6929e-04 1.4277e-06
9.2423e+00 1.8799e-04 1.4803e-06
9.2684e+00 1.8337e-04 1.4752e-06
9.2944e+00 1.6330e-04 1.4576e-06
9.3204e+00 1.5185e-04 1.4039e-06
9.3462e+00 1.5449e-04 1.4911e-06
9.3718e+00 1.6025e-04 1.4903e-06
9.3974e+00 1.7619e-04 1.5580e-06
9.4229e+00 1.8161e-04 1.5533e-06
9.4483e+00 1.8112e-04 1.5620e-06
9.4735e+00 1.6772e-04 1.5615e-06
9.4987e+00 1.6708e-04 1.5604e-06
9.5238e+00 1.6253e-04 1.5676e-06
9.5488e+00 1.7587e-04 1.6040e-06
9.5736e+00 1.8530e-04 1.6461e-06
9.5984e+00 1.8973e-04 1.6656e-06
9.6230e+00 1.9959e-04 1.6706e-06
9.6475e+00 1.8304e-04 1.6762e-06
9.6720e+00 1.5872e-04 1.6309e-06
9.6963e+00 1.6218e-04 1.6636e-06
9.7207e+00 1.6883e-04 1.6880e-06
9.7448e+00 1.9171e-04 1.7368e-06
9.7689e+00 2.1168e-04 1.7566e-06
9.7928e+00 2.2129e-04 1.8540e-06
9.8167e+00 2.2770e-04 1.8566e-06
9.8405e+00 2.1100e-04 1.8340e-06
9.8642e+00 1.8711e-04 1.7727e-06
9.8878e+00 1.7493e-04 1.8879e-06
9.9113e+00 1.8878e-04 1.8517e-06
9.9347e+00 2.0558e-04 1.8977e-06
9.9580e+00 2.3538e-04 1.9762e-06
9.9814e+00 2.5337e-04 2.0169e-06
1.0005e+01 2.5369e-04 2.0222e-06
1.0028e+01 2.3470e-04 2.0246e-06
1.0051e+01 2.1351e-04 2.0578e-06
1.0073e+01 1.9521e-04 1.9792e-06
1.0096e+01 2.0225e-04 2.1169e-06
1.0119e+01 2.2753e-04 2.1273e-06
1.0142e+01 2.4843e-04 2.1851e-06
1.0165e+01 2.6007e-04 2.2447e-06
1.0186e+01 2.6412e-04 2.2790e-06
1.0209e+01 2.6692e-04 2.3081e-06
1.0231e+01 2.5508e-04 2.3163e-06
1.0254e+01 2.3466e-04 2.2841e-06
1.0276e+01 2.0516e-04 2.1987e-06
1.0298e+01 1.7003e-04 2.1948e-06
1.0320e+01 1.2700e-04 2.0861e-06
1.0342e+01 8.5419e-05 2.0542e-06
1.0364e+01 6.2170e-05 2.0307e-06
1.0386e+01 6.7156e-05 2.1064e-06
1.0408e+01 7.7724e-05 2.1723e-06
1.0430e+01 9.4088e-05 2.2611e-06
1.0450e+01 1.0141e-04 2.3152e-06
1.0472e+01 1.0730e-04 2.3476e-06
1.0494e+01 1.1649e-04 2.3850e-06
1.0515e+01 1.2500e-04 2.4436e-06
1.0537e+01 1.3191e-04 2.5120e-06
1.0558e+01 1.4051e-04 2.5668e-06
1.0579e+01 1.4798e-04 2.5776e-06
1.0600e+01 1.5219e-04 2.5950e-06
1.0621e+01 1.5499e-04 2.6955e-06
1.0642e+01 1.4693e-04 2.7686e-06
1.0664e+01 1.2001e-04 2.5843e-06
1.0685e+01 9.4963e-05 2.7572e-06
1.0706e+01 7.3027e-05 2.7669e-06
1.0726e+01 6.8724e-05 2.7317e-06
1.0746e+01 7.3860e-05 2.7593e-06
1.0767e+01 7.4244e-05 2.8729e-06
1.0788e+01 8.4792e-05 2.9169e-06
1.0809e+01 9.9533e-05 3.0337e-06
1.0829e+01 1.0952e-04 3.0714e-06
1.0849e+01 1.2336e-04 3.1640e-06
1.0870e+01 1.4062e-04 3.2569e-06
1.0890e+01 1.5582e-04 3.3068e-06
1.0911e+01 1.4503e-04 3.2639e-06
1.0931e+01 1.5505e-04 3.3390e-06
1.0951e+01 1.6052e-04 3.5748e-06
1.0971e+01 1.5534e-04 3.6293e-06
1.0991e+01 1.4617e-04 3.6379e-06
1.1011e+01 1.4501e-04 3.8219e-06
1.1031e+01 1.8082e-04 3.6239e-06
1.1051e+01 1.9286e-04 3.9059e-06
1.1071e+01 2.0530e-04 4.0228e-06
1.1091e+01 2.1233e-04 4.1185e-06
1.1110e+01 2.0860e-04 4.1388e-06
1.1130e+01 2.2534e-04 4.3063e-06
1.1150e+01 2.1076e-04 4.2218e-06
1.1170e+01 1.8037e-04 4.4280e-06
1.1189e+01 1.8303e-04 4.7716e-06
1.1209e+01 1.5449e-04 4.6733e-06
1.1229e+01 1.6462e-04 4.6150e-06
1.1247e+01 1.6038e-04 4.6558e-06
1.1267e+01 1.7608e-04 4.6969e-06
1.1286e+01 1.9003e-04 4.8577e-06
1.1305e+01 2.0923e-04 4.9109e-06
1.1325e+01 2.4247e-04 5.0168e-06
1.1344e+01 2.1262e-04 5.1060e-06
1.1363e+01 2.2278e-04 5.2953e-06
1.1382e+01 2.4060e-04 5.2102e-06
1.1401e+01 2.3424e-04 5.3075e-06
1.1420e+01 2.2693e-04 4.9279e-06
1.1439e+01 1.9423e-04 5.2873e-06
1.1458e+01 1.7894e-04 5.0199e-06
1.1477e+01 1.7555e-04 5.2833e-06
1.1495e+01 1.6247e-04 5.4346e-06
1.1514e+01 1.5090e-04 5.5565e-06
1.1532e+01 1.6650e-04 5.3310e-06
1.1551e+01 1.6690e-04 5.7890e-06
1.1570e+01 2.1950e-04 5.9581e-06
1.1589e+01 2.2005e-04 6.0397e-06
1.1607e+01 2.1874e-04 6.1386e-06
1.1625e+01 2.0815e-04 6.2289e-06
1.1643e+01 2.0363e-04 6.2733e-06
1.1662e+01 1.9290e-04 6.0826e-06
1.1680e+01 1.6169e-04 6.3320e-06
1.1699e+01 1.6433e-04 6.5201e-06
1.1717e+01 1.5318e-04 6.7067e-06
1.1735e+01 1.3802e-04 6.6957e-06
1.1754e+01 1.5336e-04 6.9460e-06
1.1771e+01 1.5479e-04 6.8605e-06
1.1789e+01 1.7414e-04 7.3507e-06
1.1807e+01 1.6976e-04 7.6401e-06
1.1825e+01 1.7751e-04 7.6284e-06
1.1843e+01 1.7324e-04 7.9045e-06
1.1861e+01 2.1078e-04 7.9071e-06
1.1879e+01 2.2172e-04 8.1573e-06
1.1896e+01 2.0320e-04 8.3428e-06
1.1914e+01 1.8044e-04 8.5984e-06
1.1932e+01 1.3802e-04 8.7394e-06
1.1949e+01 1.5289e-04 8.9446e-06
1.1967e+01 1.6529e-04 8.8426e-06
