# Wavelength(micron)	Flux(Jy)	Flux_error(Jy)
9.5838e-01 7.2498e-07 6.8231e-07
9.7176e-01 7.4079e-07 6.9700e-07
9.8546e-01 -3.8966e-07 6.8252e-07
9.9950e-01 1.4076e-06 6.5981e-07
1.0139e+00 1.7409e-06 6.2818e-07
1.0286e+00 2.8886e-06 6.2332e-07
1.0436e+00 2.9383e-06 6.1546e-07
1.0590e+00 3.7760e-06 6.0831e-07
1.0746e+00 3.7545e-06 5.9468e-07
1.0906e+00 1.3139e-06 5.6681e-07
1.1070e+00 -1.9067e-07 5.4263e-07
1.1236e+00 -1.6597e-07 5.2537e-07
1.1405e+00 2.9857e-07 5.3789e-07
1.1577e+00 1.8129e-07 5.1615e-07
1.1752e+00 -5.7382e-07 5.0444e-07
1.1930e+00 -4.1902e-07 5.0891e-07
1.2110e+00 4.4084e-07 5.1182e-07
1.2280e+00 1.5389e-06 5.2380e-07
1.2464e+00 3.0859e-06 5.2411e-07
1.2651e+00 4.2720e-06 5.4983e-07
1.2840e+00 2.6248e-06 5.5331e-07
1.3030e+00 9.5272e-07 5.3064e-07
1.3223e+00 -3.2804e-07 5.2343e-07
1.3416e+00 -4.1047e-07 5.4679e-07
1.3611e+00 4.3155e-07 5.5976e-07
1.3807e+00 -2.2247e-07 5.7275e-07
1.4005e+00 -5.9302e-07 6.0848e-07
1.4203e+00 -4.4041e-07 5.9996e-07
1.4402e+00 -8.8346e-08 6.3413e-07
1.4601e+00 6.7074e-07 6.6969e-07
1.4801e+00 5.2573e-07 6.5062e-07
1.5002e+00 -2.5827e-07 6.5835e-07
1.5202e+00 1.6409e-08 6.8003e-07
1.5403e+00 1.6958e-06 6.9712e-07
1.5604e+00 3.6423e-06 7.2490e-07
1.5804e+00 3.7382e-06 7.4692e-07
1.6005e+00 4.0928e-06 7.5688e-07
1.6205e+00 1.1249e-06 7.8306e-07
1.6405e+00 -1.5656e-06 7.9275e-07
1.6604e+00 -9.9683e-07 7.9991e-07
1.6803e+00 -1.4153e-07 8.1666e-07
1.7001e+00 -6.4401e-07 8.6397e-07
1.7199e+00 -1.7094e-06 8.5340e-07
1.7396e+00 1.4643e-07 8.8093e-07
1.7592e+00 2.2993e-06 8.8050e-07
1.7787e+00 3.6579e-07 9.1434e-07
1.7982e+00 -3.8448e-07 9.3064e-07
1.8176e+00 5.7998e-07 9.3123e-07
1.8369e+00 9.8684e-07 9.4938e-07
1.8561e+00 -4.6056e-07 9.6823e-07
1.8752e+00 -8.2278e-07 9.6919e-07
1.8942e+00 2.7523e-07 9.8446e-07
1.9132e+00 6.4953e-08 1.0176e-06
1.9320e+00 1.0862e-06 1.0179e-06
1.9507e+00 4.4193e-07 1.0443e-06
1.9694e+00 9.4304e-07 1.0587e-06
1.9879e+00 4.7549e-07 1.0657e-06
2.0063e+00 1.8309e-07 1.0730e-06
2.0247e+00 1.8480e-06 1.1019e-06
2.0429e+00 1.3722e-06 1.0838e-06
2.0610e+00 6.3126e-07 1.1047e-06
2.0791e+00 2.7858e-06 1.1612e-06
2.0970e+00 -5.7718e-08 1.1419e-06
2.1148e+00 1.9716e-06 1.1519e-06
2.1326e+00 1.0521e-06 1.1741e-06
2.1502e+00 2.2423e-06 1.1996e-06
2.1677e+00 3.6252e-06 1.2004e-06
2.1851e+00 1.0859e-06 1.2332e-06
2.2025e+00 -1.2298e-06 1.2297e-06
2.2197e+00 -1.2314e-06 1.2439e-06
2.2368e+00 2.2944e-07 1.2773e-06
2.2539e+00 -8.3729e-07 1.2898e-06
2.2708e+00 -1.7851e-06 1.3145e-06
2.2877e+00 -9.4175e-08 1.3469e-06
2.3044e+00 1.7385e-07 1.3000e-06
2.3211e+00 2.8586e-06 1.3219e-06
2.3376e+00 -6.5714e-07 1.3000e-06
2.3541e+00 -1.2341e-06 1.3248e-06
2.3705e+00 -1.2629e-06 1.3351e-06
2.3868e+00 2.7101e-07 1.3279e-06
2.4030e+00 2.0248e-06 1.3588e-06
2.4191e+00 -2.9078e-07 1.3707e-06
2.4351e+00 1.1653e-06 1.3884e-06
2.4511e+00 7.1578e-07 1.3629e-06
2.4669e+00 7.0677e-07 1.3882e-06
2.4827e+00 1.9682e-06 1.4306e-06
2.4984e+00 3.8247e-06 1.4233e-06
2.5140e+00 1.6903e-06 1.4230e-06
2.5295e+00 5.9482e-07 1.4231e-06
2.5450e+00 -9.2299e-07 1.4358e-06
2.5603e+00 -1.2563e-06 1.4798e-06
2.5756e+00 1.5877e-06 1.4683e-06
2.5908e+00 5.5431e-08 1.4942e-06
2.6060e+00 1.4738e-09 1.5171e-06
2.6210e+00 1.6669e-06 1.4927e-06
2.6360e+00 -3.1470e-07 1.4944e-06
2.6509e+00 4.6250e-06 1.5145e-06
2.6657e+00 -5.3439e-07 1.5502e-06
2.6805e+00 -8.8703e-07 1.5787e-06
2.6952e+00 -5.6096e-07 1.6121e-06
2.7098e+00 -6.9246e-07 1.6857e-06
2.7243e+00 -1.3434e-06 1.6638e-06
2.7388e+00 -1.0005e-06 1.6125e-06
2.7532e+00 8.4573e-07 1.6720e-06
2.7676e+00 -4.4070e-07 1.7369e-06
2.7818e+00 -6.5297e-07 1.7525e-06
2.7960e+00 4.1318e-06 1.7968e-06
2.8102e+00 2.0542e-06 1.7639e-06
2.8243e+00 1.5025e-06 1.7585e-06
2.8383e+00 2.4638e-06 1.7992e-06
2.8522e+00 9.7953e-07 1.8656e-06
2.8661e+00 1.7334e-06 1.8661e-06
2.8799e+00 9.5017e-07 1.8409e-06
2.8937e+00 1.6219e-06 1.8571e-06
2.9074e+00 4.6654e-06 1.9399e-06
2.9210e+00 6.6744e-06 2.0729e-06
2.9346e+00 7.9069e-06 2.0106e-06
2.9481e+00 6.9067e-06 1.9663e-06
2.9616e+00 8.2739e-06 2.0404e-06
2.9750e+00 1.0089e-05 2.0382e-06
2.9884e+00 1.3469e-05 2.0340e-06
3.0008e+00 6.8080e-06 2.0151e-06
3.0140e+00 8.9973e-06 2.0229e-06
3.0272e+00 1.3134e-05 2.0720e-06
3.0403e+00 1.0843e-05 2.1469e-06
3.0534e+00 1.6669e-05 2.1561e-06
3.0664e+00 1.8540e-05 2.1492e-06
3.0794e+00 1.5460e-05 2.1494e-06
3.0923e+00 1.1395e-05 2.1595e-06
3.1052e+00 6.5015e-06 2.1891e-06
3.1180e+00 7.4190e-06 2.1588e-06
3.1308e+00 8.4559e-06 2.2228e-06
3.1435e+00 9.4086e-06 2.1796e-06
3.1562e+00 1.9355e-06 2.1555e-06
3.1688e+00 3.0930e-06 2.1482e-06
3.1813e+00 4.4087e-06 2.1999e-06
3.1939e+00 6.1727e-07 2.2218e-06
3.2063e+00 2.3570e-07 2.1977e-06
3.2188e+00 -7.1153e-07 2.2897e-06
3.2312e+00 -1.4742e-06 2.3157e-06
3.2435e+00 -8.3626e-08 2.2709e-06
3.2558e+00 3.9659e-06 2.2645e-06
3.2680e+00 2.1399e-06 2.3267e-06
3.2802e+00 -8.7393e-07 2.2871e-06
3.2924e+00 4.2237e-06 2.3218e-06
3.3045e+00 5.3150e-06 2.3460e-06
3.3166e+00 -8.0081e-07 2.3307e-06
3.3286e+00 3.0248e-06 2.3536e-06
3.3406e+00 1.2580e-06 2.3924e-06
3.3525e+00 2.9645e-06 2.4415e-06
3.3644e+00 3.2616e-06 2.4782e-06
3.3762e+00 -7.1210e-07 2.5119e-06
3.3881e+00 2.1250e-06 2.4298e-06
3.3998e+00 -6.8858e-07 2.4944e-06
3.4116e+00 -1.3116e-06 2.5483e-06
3.4233e+00 7.7185e-07 2.5723e-06
3.4349e+00 -7.8319e-07 2.5145e-06
3.4465e+00 2.3102e-06 2.5731e-06
3.4581e+00 4.1865e-06 2.5794e-06
3.4696e+00 6.0126e-06 2.6948e-06
3.4811e+00 1.9684e-06 2.7511e-06
3.4926e+00 3.6119e-06 2.7133e-06
3.5040e+00 9.9335e-06 2.6751e-06
3.5154e+00 8.9238e-06 2.6943e-06
3.5268e+00 8.5570e-06 2.6746e-06
3.5381e+00 4.6856e-06 2.6735e-06
3.5493e+00 9.4255e-06 2.7448e-06
3.5606e+00 1.0229e-05 2.8134e-06
3.5718e+00 5.6064e-06 2.8215e-06
3.5830e+00 4.3078e-06 2.8047e-06
3.5941e+00 1.0458e-05 2.9939e-06
3.6052e+00 5.6316e-06 2.8809e-06
3.6163e+00 1.1860e-05 2.8761e-06
3.6273e+00 2.1739e-05 3.0026e-06
3.6383e+00 2.1162e-05 3.0153e-06
3.6492e+00 2.7131e-05 3.1058e-06
3.6602e+00 2.7485e-05 3.0972e-06
3.6711e+00 2.6209e-05 3.0709e-06
3.6819e+00 2.8847e-05 3.0726e-06
3.6928e+00 3.6887e-05 3.0946e-06
3.7036e+00 3.9375e-05 3.1849e-06
3.7143e+00 3.7979e-05 3.2815e-06
3.7251e+00 3.8557e-05 3.2508e-06
3.7358e+00 3.7780e-05 3.3070e-06
3.7464e+00 3.9382e-05 3.3606e-06
3.7571e+00 5.3746e-05 3.5161e-06
3.7677e+00 5.3954e-05 3.5010e-06
3.7783e+00 3.8844e-05 3.4814e-06
3.7888e+00 4.0925e-05 3.4825e-06
3.7993e+00 5.4471e-05 3.6144e-06
3.8098e+00 7.3842e-05 3.8526e-06
3.8203e+00 8.5850e-05 3.9788e-06
3.8307e+00 1.0395e-04 3.9461e-06
3.8411e+00 7.4612e-05 3.7346e-06
3.8515e+00 4.9370e-05 3.6869e-06
3.8618e+00 6.6476e-05 3.7421e-06
3.8722e+00 7.6450e-05 3.8437e-06
3.8824e+00 7.4822e-05 3.8153e-06
3.8927e+00 7.7574e-05 3.9237e-06
3.9029e+00 8.3797e-05 4.0076e-06
3.9131e+00 9.6201e-05 4.0441e-06
3.9233e+00 1.0514e-04 4.1435e-06
3.9335e+00 1.1219e-04 4.1748e-06
3.9436e+00 1.2394e-04 4.3063e-06
3.9537e+00 1.2000e-04 4.2407e-06
3.9637e+00 1.3046e-04 4.3155e-06
3.9738e+00 1.3270e-04 4.3809e-06
3.9838e+00 1.3785e-04 4.4671e-06
3.9938e+00 1.5770e-04 4.5981e-06
4.0038e+00 1.5448e-04 4.7408e-06
4.0137e+00 1.4589e-04 4.6499e-06
4.0236e+00 1.7185e-04 4.7167e-06
4.0335e+00 1.7132e-04 4.7629e-06
4.0434e+00 1.5857e-04 4.7675e-06
4.0532e+00 1.6859e-04 4.7780e-06
4.0630e+00 1.9795e-04 5.0646e-06
4.0728e+00 2.0476e-04 5.1507e-06
4.0826e+00 2.1314e-04 5.1280e-06
4.0923e+00 2.2069e-04 5.1978e-06
4.1020e+00 2.2841e-04 5.2607e-06
4.1117e+00 2.2592e-04 5.2136e-06
4.1214e+00 2.3974e-04 5.3722e-06
4.1310e+00 2.7728e-04 5.6508e-06
4.1406e+00 2.6882e-04 5.6836e-06
4.1502e+00 2.3502e-04 5.4980e-06
4.1598e+00 2.4612e-04 5.4993e-06
4.1693e+00 2.8657e-04 5.7971e-06
4.1789e+00 2.9848e-04 5.8523e-06
4.1884e+00 2.6148e-04 5.6825e-06
4.1979e+00 2.4552e-04 5.6562e-06
4.2073e+00 2.5506e-04 5.7099e-06
4.2168e+00 2.4372e-04 5.6299e-06
4.2262e+00 2.0248e-04 5.4615e-06
4.2356e+00 2.2221e-04 5.7083e-06
4.2449e+00 2.5556e-04 5.9065e-06
4.2543e+00 2.7297e-04 5.9322e-06
4.2636e+00 2.6874e-04 5.7763e-06
4.2729e+00 2.5349e-04 5.7848e-06
4.2822e+00 2.7728e-04 6.0527e-06
4.2915e+00 2.8467e-04 6.0558e-06
4.3007e+00 2.8215e-04 6.1142e-06
4.3099e+00 2.6084e-04 6.0851e-06
4.3191e+00 2.9214e-04 6.3383e-06
4.3283e+00 3.2074e-04 6.3895e-06
4.3375e+00 3.0378e-04 6.3047e-06
4.3466e+00 2.9348e-04 6.3241e-06
4.3557e+00 2.9986e-04 6.4111e-06
4.3648e+00 3.4395e-04 6.4965e-06
4.3739e+00 3.6841e-04 6.7657e-06
4.3829e+00 3.4242e-04 6.6156e-06
4.3920e+00 2.9903e-04 6.4249e-06
4.4010e+00 3.1216e-04 6.5517e-06
4.4100e+00 3.8435e-04 6.9210e-06
4.4190e+00 3.8111e-04 7.0474e-06
4.4279e+00 3.2306e-04 6.9048e-06
4.4369e+00 2.8204e-04 6.5312e-06
4.4458e+00 3.1664e-04 6.8277e-06
4.4547e+00 3.1997e-04 6.7474e-06
4.4636e+00 3.1432e-04 6.8443e-06
4.4724e+00 3.0389e-04 6.7579e-06
4.4813e+00 2.9034e-04 6.6360e-06
4.4901e+00 2.7772e-04 6.6236e-06
4.4989e+00 2.8066e-04 6.6220e-06
4.5077e+00 2.7122e-04 6.8044e-06
4.5165e+00 2.4059e-04 6.9293e-06
4.5252e+00 2.0691e-04 6.5361e-06
4.5340e+00 1.9172e-04 6.5839e-06
4.5427e+00 2.0248e-04 6.6800e-06
4.5514e+00 2.1103e-04 6.6282e-06
4.5601e+00 1.9875e-04 6.6196e-06
4.5687e+00 1.7895e-04 6.4576e-06
4.5774e+00 1.5993e-04 6.3529e-06
4.5860e+00 1.8687e-04 6.5726e-06
4.5946e+00 1.8916e-04 6.5894e-06
4.6032e+00 2.0133e-04 6.6709e-06
4.6118e+00 1.9145e-04 6.6516e-06
4.6203e+00 1.6475e-04 6.7135e-06
4.6289e+00 1.8470e-04 6.6596e-06
4.6374e+00 2.1579e-04 6.9738e-06
4.6459e+00 2.1842e-04 7.0447e-06
4.6544e+00 2.2909e-04 6.9842e-06
4.6629e+00 2.5740e-04 7.4310e-06
4.6713e+00 2.6692e-04 7.6671e-06
4.6798e+00 2.1179e-04 7.4566e-06
4.6882e+00 2.3823e-04 7.3006e-06
4.6966e+00 2.4687e-04 7.2915e-06
4.7050e+00 2.2286e-04 7.2130e-06
4.7134e+00 1.8923e-04 7.0560e-06
4.7218e+00 1.9595e-04 7.1355e-06
4.7301e+00 1.9531e-04 7.2139e-06
4.7384e+00 2.1606e-04 7.2399e-06
4.7467e+00 2.3012e-04 7.3358e-06
4.7550e+00 2.4343e-04 7.5325e-06
4.7633e+00 2.1464e-04 7.4943e-06
4.7716e+00 2.0676e-04 7.5557e-06
4.7798e+00 1.9100e-04 7.5331e-06
4.7881e+00 1.6913e-04 7.3229e-06
4.7963e+00 2.2343e-04 7.5727e-06
4.8045e+00 2.4778e-04 7.8510e-06
4.8127e+00 2.4554e-04 7.8949e-06
4.8209e+00 2.5324e-04 7.9121e-06
4.8290e+00 2.6205e-04 8.1209e-06
4.8372e+00 2.2134e-04 7.9936e-06
4.8453e+00 1.8077e-04 7.8450e-06
4.8534e+00 2.2388e-04 8.0339e-06
4.8615e+00 3.1218e-04 8.6037e-06
4.8696e+00 3.3177e-04 8.7736e-06
4.8777e+00 3.1685e-04 8.9223e-06
4.8857e+00 2.9144e-04 8.5230e-06
4.8938e+00 2.3466e-04 8.3116e-06
4.9018e+00 2.2596e-04 8.3711e-06
4.9098e+00 2.8928e-04 8.8009e-06
4.9178e+00 3.4186e-04 9.2346e-06
4.9258e+00 3.4854e-04 9.3829e-06
4.9337e+00 2.8298e-04 8.9310e-06
4.9417e+00 2.6202e-04 8.5052e-06
4.9496e+00 2.1867e-04 8.3871e-06
4.9576e+00 1.5955e-04 8.1882e-06
4.9655e+00 2.2498e-04 8.6936e-06
4.9734e+00 2.9653e-04 9.0309e-06
4.9813e+00 3.0059e-04 9.0220e-06
4.9891e+00 3.4208e-04 9.3972e-06
4.9970e+00 3.4056e-04 9.4125e-06
5.0048e+00 3.1181e-04 9.1698e-06
5.0127e+00 2.4411e-04 8.9617e-06
5.0205e+00 1.4356e-04 8.2196e-06
5.0283e+00 1.5570e-04 8.5985e-06
5.0361e+00 2.4939e-04 9.3659e-06
5.0439e+00 3.1265e-04 9.8097e-06
5.0516e+00 3.4463e-04 1.0035e-05
5.0594e+00 3.6029e-04 1.0188e-05
5.0671e+00 3.7020e-04 1.0632e-05
5.0749e+00 3.2234e-04 9.9657e-06
5.0826e+00 1.9035e-04 9.2288e-06
5.0903e+00 2.1409e-04 9.5881e-06
5.0980e+00 2.8097e-04 1.0277e-05
5.1056e+00 2.5414e-04 1.0510e-05
5.1133e+00 2.2608e-04 9.9060e-06
5.1209e+00 2.7395e-04 1.0099e-05
5.1286e+00 2.7315e-04 1.0097e-05
5.1362e+00 1.7415e-04 9.7073e-06
5.1438e+00 8.6029e-05 9.4277e-06
5.1514e+00 1.0880e-04 9.7745e-06
5.1590e+00 1.8001e-04 1.0221e-05
5.1666e+00 2.3429e-04 1.0743e-05
5.1741e+00 2.3424e-04 1.0624e-05
5.1817e+00 2.6263e-04 1.0767e-05
5.1892e+00 2.5567e-04 1.0869e-05
5.2059e+00 1.8687e-04 5.0928e-07
5.2682e+00 1.6463e-04 4.9419e-07
5.3291e+00 1.4794e-04 4.6103e-07
5.3889e+00 1.2198e-04 4.3411e-07
5.4477e+00 9.0899e-05 4.1231e-07
5.5054e+00 7.1258e-05 4.0491e-07
5.5622e+00 5.4509e-05 3.8418e-07
5.6181e+00 4.3151e-05 3.7029e-07
5.6731e+00 3.3342e-05 3.6545e-07
5.7273e+00 3.1564e-05 3.4209e-07
5.7807e+00 2.9466e-05 3.6502e-07
5.8332e+00 2.7927e-05 3.8647e-07
5.8850e+00 2.2442e-05 3.9789e-07
5.9361e+00 2.3178e-05 3.7353e-07
5.9864e+00 2.7820e-05 4.0727e-07
6.0361e+00 2.6177e-05 3.8780e-07
6.0851e+00 2.6678e-05 4.1847e-07
6.1334e+00 3.1360e-05 4.2426e-07
6.1811e+00 4.6097e-05 4.4853e-07
6.2281e+00 7.0181e-05 4.7434e-07
6.2747e+00 8.8659e-05 5.1504e-07
6.3206e+00 7.5818e-05 5.0097e-07
6.3659e+00 4.6423e-05 4.7329e-07
6.4108e+00 2.9325e-05 4.5221e-07
6.5426e+00 2.3192e-05 4.9199e-07
6.5855e+00 2.5271e-05 4.8897e-07
6.6281e+00 3.0337e-05 5.0832e-07
6.6704e+00 3.8433e-05 5.2162e-07
6.7122e+00 5.1512e-05 5.5395e-07
6.7538e+00 5.7012e-05 5.7218e-07
6.7950e+00 5.9060e-05 5.4684e-07
6.8359e+00 5.6722e-05 5.5743e-07
6.8763e+00 7.2977e-05 6.0995e-07
6.9165e+00 8.2572e-05 6.3515e-07
6.9564e+00 8.9482e-05 6.4787e-07
6.9959e+00 8.5957e-05 6.4531e-07
7.0351e+00 8.9785e-05 6.7105e-07
7.0740e+00 1.0426e-04 6.9350e-07
7.1127e+00 1.0175e-04 7.0509e-07
7.1509e+00 9.2849e-05 6.9656e-07
7.1889e+00 8.7993e-05 7.0158e-07
7.2266e+00 7.8939e-05 6.9372e-07
7.2640e+00 6.5392e-05 6.8949e-07
7.3012e+00 5.7448e-05 6.7526e-07
7.3379e+00 4.6838e-05 6.7189e-07
7.3745e+00 3.8442e-05 6.6780e-07
7.4107e+00 3.7493e-05 6.7759e-07
7.4468e+00 4.0468e-05 6.8359e-07
7.4826e+00 4.5000e-05 6.9929e-07
7.5181e+00 5.2862e-05 7.0603e-07
7.5533e+00 6.3338e-05 7.3348e-07
7.5883e+00 6.9035e-05 7.4864e-07
7.6230e+00 6.4092e-05 7.2493e-07
7.6575e+00 4.4097e-05 7.2745e-07
7.6918e+00 3.3464e-05 7.3959e-07
7.7258e+00 3.7888e-05 7.9496e-07
7.7596e+00 4.6310e-05 7.4673e-07
7.7931e+00 5.7114e-05 7.6732e-07
7.8265e+00 5.7334e-05 7.7631e-07
7.8597e+00 5.5719e-05 7.7785e-07
7.8926e+00 5.4974e-05 7.8100e-07
7.9252e+00 6.3345e-05 7.9492e-07
7.9578e+00 6.9885e-05 8.3155e-07
7.9901e+00 7.6897e-05 8.4126e-07
8.0222e+00 8.0025e-05 8.6531e-07
8.0542e+00 9.0876e-05 8.9329e-07
8.0859e+00 1.1672e-04 9.4429e-07
8.1175e+00 1.3905e-04 9.8361e-07
8.1489e+00 1.4930e-04 9.9824e-07
8.1801e+00 1.4587e-04 9.9461e-07
8.2112e+00 1.6944e-04 1.0676e-06
8.2421e+00 1.9673e-04 1.1123e-06
8.2728e+00 2.1432e-04 1.0888e-06
8.3033e+00 2.3439e-04 1.1735e-06
8.3337e+00 2.3907e-04 1.1876e-06
8.3640e+00 2.5007e-04 1.2511e-06
8.3942e+00 2.7725e-04 1.4397e-06
8.4242e+00 3.1183e-04 1.4290e-06
8.4541e+00 3.2108e-04 1.3750e-06
8.4838e+00 3.2800e-04 1.3189e-06
8.5134e+00 3.3916e-04 1.3501e-06
8.5429e+00 3.7399e-04 1.3791e-06
8.5721e+00 3.8929e-04 1.4209e-06
8.6013e+00 3.6954e-04 1.4807e-06
8.6304e+00 3.6560e-04 1.4621e-06
8.6593e+00 3.8272e-04 1.4731e-06
8.6881e+00 4.2979e-04 1.5317e-06
8.7168e+00 4.3391e-04 1.5418e-06
8.7453e+00 4.0772e-04 1.5308e-06
8.7737e+00 3.8076e-04 1.4509e-06
8.8020e+00 3.9178e-04 1.5412e-06
8.8302e+00 4.2678e-04 1.5574e-06
8.8582e+00 4.3789e-04 1.6340e-06
8.8861e+00 4.2461e-04 1.6151e-06
8.9139e+00 3.9368e-04 1.5934e-06
8.9415e+00 3.7247e-04 1.5823e-06
8.9691e+00 3.8303e-04 1.6089e-06
8.9965e+00 3.8915e-04 1.6365e-06
9.0238e+00 3.9954e-04 1.6623e-06
9.0509e+00 3.9145e-04 1.6525e-06
9.0780e+00 3.9181e-04 1.6889e-06
9.1049e+00 3.7980e-04 1.5768e-06
9.1317e+00 3.7530e-04 1.6957e-06
9.1584e+00 3.6188e-04 1.6738e-06
9.1850e+00 3.7728e-04 1.7078e-06
9.2115e+00 3.9256e-04 1.7408e-06
9.2378e+00 4.1227e-04 1.7813e-06
9.2640e+00 4.1383e-04 1.7877e-06
9.2902e+00 3.7388e-04 1.7611e-06
9.3162e+00 3.4162e-04 1.6835e-06
9.3421e+00 3.3013e-04 1.7451e-06
9.3679e+00 3.5696e-04 1.7723e-06
9.3936e+00 4.0804e-04 1.8426e-06
9.4191e+00 4.3545e-04 1.8766e-06
9.4446e+00 4.1115e-04 1.9154e-06
9.4700e+00 3.6386e-04 2.0070e-06
9.4952e+00 3.2973e-04 1.9181e-06
9.5204e+00 3.2722e-04 1.8401e-06
9.5454e+00 3.6489e-04 1.8958e-06
9.5705e+00 4.2212e-04 1.9472e-06
9.5953e+00 4.7686e-04 2.0339e-06
9.6201e+00 4.7786e-04 2.0363e-06
9.6447e+00 4.2052e-04 2.0054e-06
9.6693e+00 3.5648e-04 1.9248e-06
9.6937e+00 3.3342e-04 1.9422e-06
9.7181e+00 3.6402e-04 1.9863e-06
9.7423e+00 4.3141e-04 2.0764e-06
9.7665e+00 5.0553e-04 2.1659e-06
9.7905e+00 5.5421e-04 2.2550e-06
9.8146e+00 5.6850e-04 2.2658e-06
9.8385e+00 5.1706e-04 2.2344e-06
9.8622e+00 4.2639e-04 2.1328e-06
9.8859e+00 3.8423e-04 2.1618e-06
9.9095e+00 4.0960e-04 2.1558e-06
9.9330e+00 4.8622e-04 2.2743e-06
9.9565e+00 5.7111e-04 2.3754e-06
9.9798e+00 6.3818e-04 2.4789e-06
1.0003e+01 6.4594e-04 2.4830e-06
1.0026e+01 5.9749e-04 2.4919e-06
1.0050e+01 5.2273e-04 2.4157e-06
1.0073e+01 4.7517e-04 2.2812e-06
1.0096e+01 4.9286e-04 2.4282e-06
1.0119e+01 5.6651e-04 2.5696e-06
1.0140e+01 6.6202e-04 2.7012e-06
1.0163e+01 7.1322e-04 2.8068e-06
1.0186e+01 7.2738e-04 2.8277e-06
1.0208e+01 7.2223e-04 2.8502e-06
1.0231e+01 6.8269e-04 2.8459e-06
1.0253e+01 6.1201e-04 2.7984e-06
1.0276e+01 5.0620e-04 2.6797e-06
1.0298e+01 3.9413e-04 2.5907e-06
1.0320e+01 2.5819e-04 2.4373e-06
1.0342e+01 1.5979e-04 2.3586e-06
1.0364e+01 1.2428e-04 2.3984e-06
1.0386e+01 1.4057e-04 2.5301e-06
1.0407e+01 1.8774e-04 2.6090e-06
1.0429e+01 2.5073e-04 2.6798e-06
1.0451e+01 2.9697e-04 2.7842e-06
1.0473e+01 3.1562e-04 2.9890e-06
1.0494e+01 3.1045e-04 2.8876e-06
1.0516e+01 3.0477e-04 3.0022e-06
1.0537e+01 3.2900e-04 3.0332e-06
1.0559e+01 3.7450e-04 3.0715e-06
1.0580e+01 4.1806e-04 3.2586e-06
1.0602e+01 4.1801e-04 3.2851e-06
1.0623e+01 4.1807e-04 3.2354e-06
1.0644e+01 3.7832e-04 3.3293e-06
1.0665e+01 3.0022e-04 3.1060e-06
1.0685e+01 2.2343e-04 3.3821e-06
1.0706e+01 1.5140e-04 3.1580e-06
1.0727e+01 1.1113e-04 3.1830e-06
1.0748e+01 1.0155e-04 3.1070e-06
1.0769e+01 1.3302e-04 3.2841e-06
1.0790e+01 1.8500e-04 3.3569e-06
1.0810e+01 2.3521e-04 3.5266e-06
1.0831e+01 2.9646e-04 3.6090e-06
1.0852e+01 3.3921e-04 3.7547e-06
1.0872e+01 3.7490e-04 3.8593e-06
1.0893e+01 4.2548e-04 3.9356e-06
1.0913e+01 4.4422e-04 4.1669e-06
1.0934e+01 4.6531e-04 4.0860e-06
1.0953e+01 4.5389e-04 4.3248e-06
1.0973e+01 4.1520e-04 4.3362e-06
1.0994e+01 3.9339e-04 4.4179e-06
1.1014e+01 4.0885e-04 4.5073e-06
1.1034e+01 5.0002e-04 4.4309e-06
1.1054e+01 5.5586e-04 4.8543e-06
1.1074e+01 6.1102e-04 4.9156e-06
1.1094e+01 6.3798e-04 5.0274e-06
1.1114e+01 6.4091e-04 5.0526e-06
1.1134e+01 6.5220e-04 5.1209e-06
1.1154e+01 6.1706e-04 5.1299e-06
1.1173e+01 5.8539e-04 5.1303e-06
1.1193e+01 5.1297e-04 5.1453e-06
1.1212e+01 4.6156e-04 5.2950e-06
1.1231e+01 4.3206e-04 5.3361e-06
1.1251e+01 4.3773e-04 5.5284e-06
1.1270e+01 5.0815e-04 5.6045e-06
1.1290e+01 5.7164e-04 5.7855e-06
1.1309e+01 6.3319e-04 5.9341e-06
1.1329e+01 6.5726e-04 6.1864e-06
1.1348e+01 6.4039e-04 6.1728e-06
1.1367e+01 6.6210e-04 6.3027e-06
1.1386e+01 6.6263e-04 6.2538e-06
1.1405e+01 6.2539e-04 6.3704e-06
1.1425e+01 5.5465e-04 6.0354e-06
1.1444e+01 5.2389e-04 6.2988e-06
1.1463e+01 4.6332e-04 5.8714e-06
1.1481e+01 4.3511e-04 6.3314e-06
1.1500e+01 4.3755e-04 6.3885e-06
1.1518e+01 4.5384e-04 6.4683e-06
1.1537e+01 5.0508e-04 6.3438e-06
1.1556e+01 5.4049e-04 6.9083e-06
1.1575e+01 6.1764e-04 7.0651e-06
1.1593e+01 6.2730e-04 7.2604e-06
1.1612e+01 6.5215e-04 7.2827e-06
1.1631e+01 6.5167e-04 7.4761e-06
1.1649e+01 5.7686e-04 7.8568e-06
1.1668e+01 5.6964e-04 7.1999e-06
1.1686e+01 5.0049e-04 7.5909e-06
1.1704e+01 3.4198e-04 7.6010e-06
1.1723e+01 3.3162e-04 7.5751e-06
1.1741e+01 3.2343e-04 7.9407e-06
1.1758e+01 3.6810e-04 8.0603e-06
1.1777e+01 4.0459e-04 8.3422e-06
1.1795e+01 4.2858e-04 8.6143e-06
1.1813e+01 4.6445e-04 8.7267e-06
1.1831e+01 5.1938e-04 9.0231e-06
1.1849e+01 5.5335e-04 9.3777e-06
1.1867e+01 5.4879e-04 9.5374e-06
1.1885e+01 5.6822e-04 9.9405e-06
1.1903e+01 6.0724e-04 1.0149e-05
1.1921e+01 5.7623e-04 1.0235e-05
1.1939e+01 5.6657e-04 1.0328e-05
1.1956e+01 4.9904e-04 1.0354e-05
1.1974e+01 4.4914e-04 1.0475e-05
