# Wavelength(micron)	Flux(Jy)	Flux_error(Jy)
9.5312e-01 5.6358e-05 1.4951e-06
9.6636e-01 7.7294e-05 1.5503e-06
9.7993e-01 1.0655e-04 1.7076e-06
9.9383e-01 1.4004e-04 1.8726e-06
1.0081e+00 1.8088e-04 2.0131e-06
1.0226e+00 2.3340e-04 2.2195e-06
1.0375e+00 2.9356e-04 2.4775e-06
1.0528e+00 3.6016e-04 2.6968e-06
1.0683e+00 4.1084e-04 2.9340e-06
1.0842e+00 3.9495e-04 2.8227e-06
1.1004e+00 2.5546e-04 2.2045e-06
1.1169e+00 1.4047e-04 1.6244e-06
1.1337e+00 1.0884e-04 1.4377e-06
1.1508e+00 1.0056e-04 1.3648e-06
1.1682e+00 1.1963e-04 1.4499e-06
1.1858e+00 2.1317e-04 1.8504e-06
1.2037e+00 3.6173e-04 2.4137e-06
1.2219e+00 5.4072e-04 3.1425e-06
1.2403e+00 6.7460e-04 3.5565e-06
1.2589e+00 8.5024e-04 3.9771e-06
1.2777e+00 9.0288e-04 4.0867e-06
1.2967e+00 7.9922e-04 3.7068e-06
1.3158e+00 5.3539e-04 2.8938e-06
1.3352e+00 2.0538e-04 1.8092e-06
1.3546e+00 3.5445e-05 1.1927e-06
1.3742e+00 1.6947e-05 1.0332e-06
1.3939e+00 1.6870e-05 1.0900e-06
1.4137e+00 1.8323e-05 1.1238e-06
1.4336e+00 3.1924e-05 1.2159e-06
1.4535e+00 5.8706e-05 1.3363e-06
1.4735e+00 8.5808e-05 1.4702e-06
1.4922e+00 1.3160e-04 1.7109e-06
1.5122e+00 2.1272e-04 2.0824e-06
1.5323e+00 3.4994e-04 2.5817e-06
1.5523e+00 5.1439e-04 3.0942e-06
1.5724e+00 6.3910e-04 3.4223e-06
1.5925e+00 5.9241e-04 3.2963e-06
1.6125e+00 3.6214e-04 2.6901e-06
1.6325e+00 2.1313e-04 2.2613e-06
1.6524e+00 1.8959e-04 2.2484e-06
1.6723e+00 1.6630e-04 2.1949e-06
1.6922e+00 1.6423e-04 2.2039e-06
1.7120e+00 1.6663e-04 2.2511e-06
1.7317e+00 1.6409e-04 2.2882e-06
1.7514e+00 1.4209e-04 2.2340e-06
1.7709e+00 1.1115e-04 2.1025e-06
1.7904e+00 7.9642e-05 1.9495e-06
1.8099e+00 5.9052e-05 1.8718e-06
1.8292e+00 5.9509e-05 1.8764e-06
1.8484e+00 4.9945e-05 1.8510e-06
1.8676e+00 5.5870e-05 1.9259e-06
1.8867e+00 8.4721e-05 2.0854e-06
1.9056e+00 9.9067e-05 2.1704e-06
1.9245e+00 9.4064e-05 2.1665e-06
1.9433e+00 8.3089e-05 2.1636e-06
1.9619e+00 9.4503e-05 2.2995e-06
1.9805e+00 1.2800e-04 2.4914e-06
1.9990e+00 1.7018e-04 2.6621e-06
2.0174e+00 2.3265e-04 2.9602e-06
2.0356e+00 2.9009e-04 3.2003e-06
2.0538e+00 3.4750e-04 3.4400e-06
2.0719e+00 3.9064e-04 3.6228e-06
2.0898e+00 4.0562e-04 3.6480e-06
2.1077e+00 3.9549e-04 3.6141e-06
2.1255e+00 3.6100e-04 3.5164e-06
2.1431e+00 3.1227e-04 3.3816e-06
2.1607e+00 2.5051e-04 3.1636e-06
2.1782e+00 2.0080e-04 3.0222e-06
2.1955e+00 1.1207e-04 2.6096e-06
2.2128e+00 6.4792e-05 2.4344e-06
2.2300e+00 5.6296e-05 2.4444e-06
2.2471e+00 4.1539e-05 2.4218e-06
2.2640e+00 3.2305e-05 2.3174e-06
2.2809e+00 3.0746e-05 2.3024e-06
2.2977e+00 3.3795e-05 2.3327e-06
2.3144e+00 3.0019e-05 2.3029e-06
2.3310e+00 2.5215e-05 2.2875e-06
2.3475e+00 2.3359e-05 2.2903e-06
2.3639e+00 2.4520e-05 2.3443e-06
2.3803e+00 2.2661e-05 2.3938e-06
2.3965e+00 3.9030e-05 2.4889e-06
2.4127e+00 5.4334e-05 2.5088e-06
2.4287e+00 5.4999e-05 2.5703e-06
2.4447e+00 5.9420e-05 2.6407e-06
2.4606e+00 6.7264e-05 2.6543e-06
2.4764e+00 7.1955e-05 2.6848e-06
2.4921e+00 7.3837e-05 2.7246e-06
2.5078e+00 6.4794e-05 2.6898e-06
2.5233e+00 4.9861e-05 2.6580e-06
2.5388e+00 4.4032e-05 2.5778e-06
2.5542e+00 3.7085e-05 2.5274e-06
2.5695e+00 3.3403e-05 2.5586e-06
2.5848e+00 3.3540e-05 2.5806e-06
2.5999e+00 4.0800e-05 2.6454e-06
2.6150e+00 4.9799e-05 2.7503e-06
2.6300e+00 6.3890e-05 2.8677e-06
2.6450e+00 6.9307e-05 2.9604e-06
2.6598e+00 5.5502e-05 2.9376e-06
2.6746e+00 3.4905e-05 2.8074e-06
2.6893e+00 3.3975e-05 2.7880e-06
2.7040e+00 4.1450e-05 2.8564e-06
2.7185e+00 4.8463e-05 2.9358e-06
2.7330e+00 6.7595e-05 3.1105e-06
2.7475e+00 6.8887e-05 3.1452e-06
2.7618e+00 5.6176e-05 3.0967e-06
2.7761e+00 5.3105e-05 3.1590e-06
2.7904e+00 5.7668e-05 3.2235e-06
2.8045e+00 6.5283e-05 3.2925e-06
2.8186e+00 7.0130e-05 3.4107e-06
2.8327e+00 8.2034e-05 3.6148e-06
2.8467e+00 7.5184e-05 3.5172e-06
2.8606e+00 8.1752e-05 3.5098e-06
2.8744e+00 1.0001e-04 3.6757e-06
2.8882e+00 1.0623e-04 3.7823e-06
2.9019e+00 1.1235e-04 3.7411e-06
2.9156e+00 1.3040e-04 3.8473e-06
2.9292e+00 1.5763e-04 4.0511e-06
2.9427e+00 1.7025e-04 4.1128e-06
2.9562e+00 1.6172e-04 4.0538e-06
2.9697e+00 1.6599e-04 4.1334e-06
2.9830e+00 1.8622e-04 4.2715e-06
2.9963e+00 1.9429e-04 4.3636e-06
3.0096e+00 1.9404e-04 4.4316e-06
3.0228e+00 2.1478e-04 4.5025e-06
3.0360e+00 2.1026e-04 4.4765e-06
3.0491e+00 1.9964e-04 4.3916e-06
3.0621e+00 1.7604e-04 4.3254e-06
3.0751e+00 1.5184e-04 4.2917e-06
3.0880e+00 1.3277e-04 4.0941e-06
3.1009e+00 1.1411e-04 4.1383e-06
3.1138e+00 9.8549e-05 4.0816e-06
3.1265e+00 8.2183e-05 3.9929e-06
3.1393e+00 6.2185e-05 3.8498e-06
3.1520e+00 4.4674e-05 3.8551e-06
3.1646e+00 4.1124e-05 3.8185e-06
3.1772e+00 3.7818e-05 3.8196e-06
3.1897e+00 3.4988e-05 3.9582e-06
3.2022e+00 2.6134e-05 3.8700e-06
3.2146e+00 2.9046e-05 3.8420e-06
3.2270e+00 3.2052e-05 3.8682e-06
3.2394e+00 3.3645e-05 3.9608e-06
3.2517e+00 4.1524e-05 3.9416e-06
3.2640e+00 4.4470e-05 4.0056e-06
3.2754e+00 5.6777e-05 4.1423e-06
3.2875e+00 7.0617e-05 4.2461e-06
3.2997e+00 6.1481e-05 4.2244e-06
3.3117e+00 4.2786e-05 4.0687e-06
3.3238e+00 2.3889e-05 4.0669e-06
3.3358e+00 2.5223e-05 4.1414e-06
3.3477e+00 2.5836e-05 4.2457e-06
3.3596e+00 3.7958e-05 4.2411e-06
3.3715e+00 4.1891e-05 4.3657e-06
3.3834e+00 4.8969e-05 4.4140e-06
3.3951e+00 4.9134e-05 4.3969e-06
3.4069e+00 4.8433e-05 4.3253e-06
3.4186e+00 4.8667e-05 4.4501e-06
3.4303e+00 4.5392e-05 4.3769e-06
3.4419e+00 5.1120e-05 4.4694e-06
3.4535e+00 4.5953e-05 4.5145e-06
3.4650e+00 4.5999e-05 4.6849e-06
3.4766e+00 4.9703e-05 4.5930e-06
3.4880e+00 6.2124e-05 4.8004e-06
3.4995e+00 6.4335e-05 4.7256e-06
3.5109e+00 6.6252e-05 4.7899e-06
3.5222e+00 7.7054e-05 4.9244e-06
3.5336e+00 7.8370e-05 5.0831e-06
3.5448e+00 8.5117e-05 5.1204e-06
3.5561e+00 9.4682e-05 5.0878e-06
3.5673e+00 1.0532e-04 5.3099e-06
3.5785e+00 1.1184e-04 5.3627e-06
3.5897e+00 1.0723e-04 5.4323e-06
3.6008e+00 1.2103e-04 5.6217e-06
3.6118e+00 1.1985e-04 5.7369e-06
3.6229e+00 1.3454e-04 5.8529e-06
3.6339e+00 1.6087e-04 5.9602e-06
3.6449e+00 1.7919e-04 5.9328e-06
3.6558e+00 2.0336e-04 6.0038e-06
3.6667e+00 2.2891e-04 6.0751e-06
3.6776e+00 2.4153e-04 6.2444e-06
3.6884e+00 2.5231e-04 6.3406e-06
3.6993e+00 2.6277e-04 6.4111e-06
3.7100e+00 2.7640e-04 6.5124e-06
3.7208e+00 2.9394e-04 6.6230e-06
3.7315e+00 2.9322e-04 6.6425e-06
3.7422e+00 3.1001e-04 6.8481e-06
3.7528e+00 3.4445e-04 7.0111e-06
3.7635e+00 3.5910e-04 7.1092e-06
3.7741e+00 3.5877e-04 7.2413e-06
3.7846e+00 3.5078e-04 7.3973e-06
3.7951e+00 3.8012e-04 7.8256e-06
3.8056e+00 4.3014e-04 7.7740e-06
3.8161e+00 4.5444e-04 7.8918e-06
3.8266e+00 4.9155e-04 8.1010e-06
3.8370e+00 4.8345e-04 7.9683e-06
3.8474e+00 4.4776e-04 7.8216e-06
3.8577e+00 4.6699e-04 7.9495e-06
3.8680e+00 4.9140e-04 8.2184e-06
3.8783e+00 5.0897e-04 8.3618e-06
3.8886e+00 5.2792e-04 8.3780e-06
3.8989e+00 5.3706e-04 8.5149e-06
3.9091e+00 5.5384e-04 8.5985e-06
3.9193e+00 5.7737e-04 8.7311e-06
3.9294e+00 5.9721e-04 8.8878e-06
3.9396e+00 6.3473e-04 9.1029e-06
3.9497e+00 6.4525e-04 8.9289e-06
3.9597e+00 6.4670e-04 9.1060e-06
3.9698e+00 6.5849e-04 9.1591e-06
3.9798e+00 6.7290e-04 9.5207e-06
3.9898e+00 7.1331e-04 9.6851e-06
3.9998e+00 7.3505e-04 9.7599e-06
4.0097e+00 7.2781e-04 9.7204e-06
4.0197e+00 7.6594e-04 9.9399e-06
4.0296e+00 7.5463e-04 9.8769e-06
4.0394e+00 7.6859e-04 1.0127e-05
4.0493e+00 8.1177e-04 1.0344e-05
4.0591e+00 8.5370e-04 1.0447e-05
4.0689e+00 8.4753e-04 1.0449e-05
4.0787e+00 8.3411e-04 1.0407e-05
4.0884e+00 8.7153e-04 1.0733e-05
4.0981e+00 8.9626e-04 1.0986e-05
4.1078e+00 8.6565e-04 1.0888e-05
4.1175e+00 8.6742e-04 1.0968e-05
4.1272e+00 8.8642e-04 1.1018e-05
4.1368e+00 8.8088e-04 1.0991e-05
4.1464e+00 8.3735e-04 1.1096e-05
4.1560e+00 8.0915e-04 1.1040e-05
4.1655e+00 8.2889e-04 1.1002e-05
4.1751e+00 7.8824e-04 1.0934e-05
4.1846e+00 6.8956e-04 1.0514e-05
4.1941e+00 5.7135e-04 1.0044e-05
4.2035e+00 5.1395e-04 9.8263e-06
4.2130e+00 4.4569e-04 9.7226e-06
4.2224e+00 3.6984e-04 9.4175e-06
4.2318e+00 3.3397e-04 9.1321e-06
4.2412e+00 3.3906e-04 9.0967e-06
4.2506e+00 3.4039e-04 9.1768e-06
4.2599e+00 3.5205e-04 9.2553e-06
4.2692e+00 3.3983e-04 9.1011e-06
4.2785e+00 3.5137e-04 9.4595e-06
4.2878e+00 3.8265e-04 9.5925e-06
4.2970e+00 3.7741e-04 9.5602e-06
4.3062e+00 3.5772e-04 9.4436e-06
4.3155e+00 3.6907e-04 9.5284e-06
4.3246e+00 3.6594e-04 9.6058e-06
4.3338e+00 3.5564e-04 9.6763e-06
4.3430e+00 3.7457e-04 9.6881e-06
4.3521e+00 3.8023e-04 9.7620e-06
4.3612e+00 4.1915e-04 1.0001e-05
4.3703e+00 4.3391e-04 1.0349e-05
4.3793e+00 4.3897e-04 1.0481e-05
4.3884e+00 4.3962e-04 1.0446e-05
4.3974e+00 4.2269e-04 1.0629e-05
4.4064e+00 4.4553e-04 1.0737e-05
4.4154e+00 4.6839e-04 1.0697e-05
4.4244e+00 4.5636e-04 1.0662e-05
4.4333e+00 3.8947e-04 1.0345e-05
4.4422e+00 3.9261e-04 1.0446e-05
4.4511e+00 3.8180e-04 1.0351e-05
4.4600e+00 3.6664e-04 1.0476e-05
4.4689e+00 3.2400e-04 1.0248e-05
4.4778e+00 3.2839e-04 1.0385e-05
4.4866e+00 3.0828e-04 1.0526e-05
4.4954e+00 3.0181e-04 1.0755e-05
4.5042e+00 2.8512e-04 1.0339e-05
4.5130e+00 2.6612e-04 1.0179e-05
4.5217e+00 2.5313e-04 1.0462e-05
4.5305e+00 2.4030e-04 1.0186e-05
4.5392e+00 2.3652e-04 1.0189e-05
4.5479e+00 2.3364e-04 1.0243e-05
4.5566e+00 2.2114e-04 1.0239e-05
4.5653e+00 2.1848e-04 1.0456e-05
4.5739e+00 2.3376e-04 1.0530e-05
4.5826e+00 2.2313e-04 1.0399e-05
4.5912e+00 2.4076e-04 1.0611e-05
4.5998e+00 2.4880e-04 1.0933e-05
4.6084e+00 2.6401e-04 1.0795e-05
4.6169e+00 2.4494e-04 1.0838e-05
4.6255e+00 2.4452e-04 1.1072e-05
4.6340e+00 2.6451e-04 1.1367e-05
4.6425e+00 2.7721e-04 1.1549e-05
4.6510e+00 2.8939e-04 1.2137e-05
4.6595e+00 3.6050e-04 1.2543e-05
4.6680e+00 4.0158e-04 1.1910e-05
4.6764e+00 3.7761e-04 1.1970e-05
4.6849e+00 3.4282e-04 1.1635e-05
4.6933e+00 3.3356e-04 1.1717e-05
4.7017e+00 3.1626e-04 1.1581e-05
4.7101e+00 2.9140e-04 1.1586e-05
4.7184e+00 2.7264e-04 1.1707e-05
4.7268e+00 2.7893e-04 1.1600e-05
4.7351e+00 2.6593e-04 1.1491e-05
4.7434e+00 2.8691e-04 1.1836e-05
4.7517e+00 2.9672e-04 1.2111e-05
4.7600e+00 2.8410e-04 1.2114e-05
4.7683e+00 2.7726e-04 1.2087e-05
4.7765e+00 2.6443e-04 1.1975e-05
4.7848e+00 2.4796e-04 1.2223e-05
4.7930e+00 2.8307e-04 1.2338e-05
4.8012e+00 2.9705e-04 1.2377e-05
4.8094e+00 2.8382e-04 1.2622e-05
4.8176e+00 2.6833e-04 1.2552e-05
4.8258e+00 3.0014e-04 1.2814e-05
4.8339e+00 3.0842e-04 1.2773e-05
4.8421e+00 2.8562e-04 1.2948e-05
4.8502e+00 2.8881e-04 1.3133e-05
4.8583e+00 3.2661e-04 1.3349e-05
4.8664e+00 3.4058e-04 1.3258e-05
4.8744e+00 3.4658e-04 1.3295e-05
4.8825e+00 3.6318e-04 1.3527e-05
4.8906e+00 3.4004e-04 1.3440e-05
4.8986e+00 3.4154e-04 1.3785e-05
4.9066e+00 3.6107e-04 1.3980e-05
4.9146e+00 3.9170e-04 1.3863e-05
4.9226e+00 3.9962e-04 1.3960e-05
4.9306e+00 3.3784e-04 1.3709e-05
4.9385e+00 3.5268e-04 1.3928e-05
4.9465e+00 3.6773e-04 1.3965e-05
4.9544e+00 3.2105e-04 1.3854e-05
4.9623e+00 3.2526e-04 1.4041e-05
4.9702e+00 3.6279e-04 1.4758e-05
4.9781e+00 3.9467e-04 1.4663e-05
4.9860e+00 4.2461e-04 1.4633e-05
4.9939e+00 4.5170e-04 1.4895e-05
5.0017e+00 4.2758e-04 1.4548e-05
5.0096e+00 4.2977e-04 1.4675e-05
5.0174e+00 3.2846e-04 1.4678e-05
5.0252e+00 3.1947e-04 1.4858e-05
5.0330e+00 3.9460e-04 1.5367e-05
5.0408e+00 4.2877e-04 1.5914e-05
5.0485e+00 4.2006e-04 1.6129e-05
5.0563e+00 4.5556e-04 1.5910e-05
5.0641e+00 4.7951e-04 1.6165e-05
5.0718e+00 4.8277e-04 1.6802e-05
5.0795e+00 4.2792e-04 1.6301e-05
5.0872e+00 4.1148e-04 1.7126e-05
5.0949e+00 4.6962e-04 1.7124e-05
5.1026e+00 4.8683e-04 1.7290e-05
5.1102e+00 4.2689e-04 1.6899e-05
5.1179e+00 4.2109e-04 1.6681e-05
5.1255e+00 4.4882e-04 1.7162e-05
5.1332e+00 3.7944e-04 1.7381e-05
5.1408e+00 2.7262e-04 1.6681e-05
5.1484e+00 2.7988e-04 1.6536e-05
5.1560e+00 3.5778e-04 1.7000e-05
5.1636e+00 3.5736e-04 1.6845e-05
5.1711e+00 3.4906e-04 1.7188e-05
5.1787e+00 3.9003e-04 1.7978e-05
5.1862e+00 4.2354e-04 1.7645e-05
5.2282e+00 3.7342e-04 1.3193e-06
5.2902e+00 3.6000e-04 1.3006e-06
5.3509e+00 3.3938e-04 1.2496e-06
5.4105e+00 2.9726e-04 1.2027e-06
5.4689e+00 2.7089e-04 1.2024e-06
5.5264e+00 2.5597e-04 1.1992e-06
5.5829e+00 2.3938e-04 1.1915e-06
5.6386e+00 2.2924e-04 1.1753e-06
5.6933e+00 2.1670e-04 1.1709e-06
5.7473e+00 2.0836e-04 1.1156e-06
5.8004e+00 2.1037e-04 1.1724e-06
5.8528e+00 2.0555e-04 1.1883e-06
5.9044e+00 1.9989e-04 1.1943e-06
5.9552e+00 2.1048e-04 1.2061e-06
6.0054e+00 2.2408e-04 1.2760e-06
6.0548e+00 2.3020e-04 1.1744e-06
6.1035e+00 2.3225e-04 1.3162e-06
6.1516e+00 2.4681e-04 1.3409e-06
6.1991e+00 2.6333e-04 1.3735e-06
6.2459e+00 2.8423e-04 1.3925e-06
6.2922e+00 3.0158e-04 1.4546e-06
6.3380e+00 2.8035e-04 1.4157e-06
6.3831e+00 2.3469e-04 1.3439e-06
6.4278e+00 1.9452e-04 1.2522e-06
6.5590e+00 1.5953e-04 1.2459e-06
6.6018e+00 1.5740e-04 1.2408e-06
6.6442e+00 1.6651e-04 1.2711e-06
6.6862e+00 1.8306e-04 1.3214e-06
6.7280e+00 1.9864e-04 1.3701e-06
6.7692e+00 1.9209e-04 1.3859e-06
6.8103e+00 1.9319e-04 1.3589e-06
6.8510e+00 1.9778e-04 1.3429e-06
6.8913e+00 2.1551e-04 1.4737e-06
6.9313e+00 2.2711e-04 1.4981e-06
6.9710e+00 2.2349e-04 1.4948e-06
7.0103e+00 2.1145e-04 1.4483e-06
7.0494e+00 1.9899e-04 1.4675e-06
7.0881e+00 1.8753e-04 1.4587e-06
7.1265e+00 1.8190e-04 1.4611e-06
7.1646e+00 1.7461e-04 1.4372e-06
7.2024e+00 1.6552e-04 1.4355e-06
7.2400e+00 1.5407e-04 1.4233e-06
7.2772e+00 1.4846e-04 1.4192e-06
7.3142e+00 1.4178e-04 1.4219e-06
7.3508e+00 1.3548e-04 1.4223e-06
7.3872e+00 1.3336e-04 1.4089e-06
7.4234e+00 1.3673e-04 1.4470e-06
7.4592e+00 1.3629e-04 1.4368e-06
7.4948e+00 1.4275e-04 1.5017e-06
7.5302e+00 1.5446e-04 1.5113e-06
7.5653e+00 1.5476e-04 1.5464e-06
7.6001e+00 1.6712e-04 1.5410e-06
7.6347e+00 1.5737e-04 1.4746e-06
7.6690e+00 1.3086e-04 1.4471e-06
7.7031e+00 1.1491e-04 1.4444e-06
7.7370e+00 1.1534e-04 1.4557e-06
7.7706e+00 1.3208e-04 1.5018e-06
7.8040e+00 1.3644e-04 1.5699e-06
7.8372e+00 1.4608e-04 1.5831e-06
7.8703e+00 1.5100e-04 1.5871e-06
7.9030e+00 1.4690e-04 1.6109e-06
7.9355e+00 1.5764e-04 1.6221e-06
7.9680e+00 1.6335e-04 1.6913e-06
8.0001e+00 1.6283e-04 1.6930e-06
8.0321e+00 1.6405e-04 1.7230e-06
8.0639e+00 1.6701e-04 1.7048e-06
8.0955e+00 1.7270e-04 1.7948e-06
8.1269e+00 1.8690e-04 1.8116e-06
8.1582e+00 1.8242e-04 1.8373e-06
8.1893e+00 1.7763e-04 1.8159e-06
8.2202e+00 1.8437e-04 1.9528e-06
8.2510e+00 1.9625e-04 1.9837e-06
8.2815e+00 1.9621e-04 1.8880e-06
8.3120e+00 2.0282e-04 2.0345e-06
8.3422e+00 2.0450e-04 2.0752e-06
8.3724e+00 2.1668e-04 2.0669e-06
8.4024e+00 2.1648e-04 2.1067e-06
8.4323e+00 2.2705e-04 2.1133e-06
8.4621e+00 2.3415e-04 2.1337e-06
8.4916e+00 2.3484e-04 2.1346e-06
8.5211e+00 2.4344e-04 2.2164e-06
8.5504e+00 2.4217e-04 2.2184e-06
8.5796e+00 2.5820e-04 2.2798e-06
8.6087e+00 2.5434e-04 2.2799e-06
8.6376e+00 2.6695e-04 2.3445e-06
8.6664e+00 2.8646e-04 2.4291e-06
8.6951e+00 2.7648e-04 2.4782e-06
8.7236e+00 2.9449e-04 2.4891e-06
8.7520e+00 2.8695e-04 2.4989e-06
8.7803e+00 2.9392e-04 2.4378e-06
8.8084e+00 2.9781e-04 2.5679e-06
8.8364e+00 3.1342e-04 2.5278e-06
8.8644e+00 3.2280e-04 2.6613e-06
8.8922e+00 3.2570e-04 2.6812e-06
8.9198e+00 3.3457e-04 2.7197e-06
8.9473e+00 3.3170e-04 2.7271e-06
8.9747e+00 3.3312e-04 2.7974e-06
9.0021e+00 3.4728e-04 2.8225e-06
9.0291e+00 3.4925e-04 2.8740e-06
9.0562e+00 3.5994e-04 2.8573e-06
9.0832e+00 3.5955e-04 2.9688e-06
9.1100e+00 3.6742e-04 2.7414e-06
9.1367e+00 3.6067e-04 2.9692e-06
9.1632e+00 3.6765e-04 3.0119e-06
9.1897e+00 3.7790e-04 3.0601e-06
9.2160e+00 3.8992e-04 3.1337e-06
9.2423e+00 3.9588e-04 3.1528e-06
9.2684e+00 3.9633e-04 3.1877e-06
9.2945e+00 3.9278e-04 3.1887e-06
9.3204e+00 3.9201e-04 3.1449e-06
9.3462e+00 3.9270e-04 3.2408e-06
9.3718e+00 4.0682e-04 3.2308e-06
9.3974e+00 3.9049e-04 3.2561e-06
9.4228e+00 3.8484e-04 3.2329e-06
9.4482e+00 3.8064e-04 3.2970e-06
9.4735e+00 3.8921e-04 3.3123e-06
9.4986e+00 4.0836e-04 3.4018e-06
9.5237e+00 4.1997e-04 3.4437e-06
9.5486e+00 4.3299e-04 3.5137e-06
9.5735e+00 4.4295e-04 3.5052e-06
9.5982e+00 4.2587e-04 3.5483e-06
9.6229e+00 4.2426e-04 3.5343e-06
9.6474e+00 4.0981e-04 3.5715e-06
9.6718e+00 4.1009e-04 3.5179e-06
9.6962e+00 4.1075e-04 3.5950e-06
9.7204e+00 4.2555e-04 3.6648e-06
9.7446e+00 4.2861e-04 3.9910e-06
9.7686e+00 4.3557e-04 3.7721e-06
9.7926e+00 4.2820e-04 3.7687e-06
9.8165e+00 4.3537e-04 3.7512e-06
9.8402e+00 4.1293e-04 3.8023e-06
9.8639e+00 4.1222e-04 3.7652e-06
9.8875e+00 4.0091e-04 3.9227e-06
9.9111e+00 4.1623e-04 3.8087e-06
9.9345e+00 4.2251e-04 3.9775e-06
9.9578e+00 4.6716e-04 4.0589e-06
9.9811e+00 4.6971e-04 4.1408e-06
1.0004e+01 4.5446e-04 4.0937e-06
1.0027e+01 4.4326e-04 4.1394e-06
1.0050e+01 4.2683e-04 4.1258e-06
1.0074e+01 4.1761e-04 3.9217e-06
1.0096e+01 4.2835e-04 4.3576e-06
1.0118e+01 4.4314e-04 4.3432e-06
1.0141e+01 4.5555e-04 4.3893e-06
1.0164e+01 4.7475e-04 4.5430e-06
1.0187e+01 4.9350e-04 4.5663e-06
1.0209e+01 4.8398e-04 4.6347e-06
1.0231e+01 4.6403e-04 4.5560e-06
1.0253e+01 4.5016e-04 4.6688e-06
1.0276e+01 4.1612e-04 4.5096e-06
1.0298e+01 3.6992e-04 4.4732e-06
1.0320e+01 3.1786e-04 4.3649e-06
1.0341e+01 2.6034e-04 4.2870e-06
1.0363e+01 2.3330e-04 4.3049e-06
1.0385e+01 2.2365e-04 4.4402e-06
1.0407e+01 2.3515e-04 4.4882e-06
1.0429e+01 2.5331e-04 4.5644e-06
1.0451e+01 2.6498e-04 4.6283e-06
1.0472e+01 2.6180e-04 5.0655e-06
1.0493e+01 2.9074e-04 4.9756e-06
1.0515e+01 2.9720e-04 5.0458e-06
1.0536e+01 2.9802e-04 4.9796e-06
1.0558e+01 2.9119e-04 5.1764e-06
1.0579e+01 2.9988e-04 5.2027e-06
1.0600e+01 3.2100e-04 5.3320e-06
1.0621e+01 3.1890e-04 5.1421e-06
1.0642e+01 3.0778e-04 5.5844e-06
1.0663e+01 3.0920e-04 5.4128e-06
1.0684e+01 2.9318e-04 5.6987e-06
1.0704e+01 2.6139e-04 5.5739e-06
1.0725e+01 2.4854e-04 5.6259e-06
1.0746e+01 2.5333e-04 5.7362e-06
1.0767e+01 2.6782e-04 6.0000e-06
1.0788e+01 2.9164e-04 6.1218e-06
1.0808e+01 3.0229e-04 6.1302e-06
1.0828e+01 2.9891e-04 6.2083e-06
1.0849e+01 3.0685e-04 6.3361e-06
1.0869e+01 3.2617e-04 6.5899e-06
1.0890e+01 3.0320e-04 6.2675e-06
1.0910e+01 2.9577e-04 6.2314e-06
1.0931e+01 3.0037e-04 6.5553e-06
1.0950e+01 3.0725e-04 6.9569e-06
1.0970e+01 2.9638e-04 7.1930e-06
1.0990e+01 3.0892e-04 7.2621e-06
1.1011e+01 2.8375e-04 7.2928e-06
1.1031e+01 3.0846e-04 7.1428e-06
1.1051e+01 3.5373e-04 7.6427e-06
1.1071e+01 3.5286e-04 7.8229e-06
1.1090e+01 3.8257e-04 8.1341e-06
1.1110e+01 3.5102e-04 8.0164e-06
1.1130e+01 3.5839e-04 8.4737e-06
1.1149e+01 3.8468e-04 8.0386e-06
1.1169e+01 3.9739e-04 8.3703e-06
1.1189e+01 3.5601e-04 8.6797e-06
1.1208e+01 3.5262e-04 8.8326e-06
1.1227e+01 3.3162e-04 9.1843e-06
1.1247e+01 3.3673e-04 9.2876e-06
1.1266e+01 3.3996e-04 9.3960e-06
1.1286e+01 3.4728e-04 9.8259e-06
1.1305e+01 3.8467e-04 9.8209e-06
1.1323e+01 3.7596e-04 9.8248e-06
1.1343e+01 3.6278e-04 9.7135e-06
1.1362e+01 3.5797e-04 9.9393e-06
1.1381e+01 3.9222e-04 1.0217e-05
1.1400e+01 3.9700e-04 1.0289e-05
1.1419e+01 3.6613e-04 9.7713e-06
1.1439e+01 3.4628e-04 1.0272e-05
1.1457e+01 3.7189e-04 9.8819e-06
1.1475e+01 3.6608e-04 1.1064e-05
1.1494e+01 3.5851e-04 1.0495e-05
1.1513e+01 3.3096e-04 1.1120e-05
1.1532e+01 3.2153e-04 1.0557e-05
1.1551e+01 3.2156e-04 1.0942e-05
1.1569e+01 3.5556e-04 1.0782e-05
1.1587e+01 3.5822e-04 1.1920e-05
1.1606e+01 3.4184e-04 1.1466e-05
1.1624e+01 3.1397e-04 1.2076e-05
1.1643e+01 3.4075e-04 1.1504e-05
1.1661e+01 3.2020e-04 1.1638e-05
1.1680e+01 3.5403e-04 1.2742e-05
1.1697e+01 2.8541e-04 1.2689e-05
1.1716e+01 2.9212e-04 1.2525e-05
1.1734e+01 2.7058e-04 1.3579e-05
1.1752e+01 2.5745e-04 1.3540e-05
1.1770e+01 3.1244e-04 1.3425e-05
1.1789e+01 2.3503e-04 1.4427e-05
1.1807e+01 3.0277e-04 1.4964e-05
1.1824e+01 3.1561e-04 1.4907e-05
1.1842e+01 2.6956e-04 1.5451e-05
1.1860e+01 2.8542e-04 1.5816e-05
1.1878e+01 3.6178e-04 1.5986e-05
1.1896e+01 2.7624e-04 1.5235e-05
1.1914e+01 2.9534e-04 1.7400e-05
1.1931e+01 3.7618e-04 1.7961e-05
1.1948e+01 3.5549e-04 1.7126e-05
1.1966e+01 3.5709e-04 1.6510e-05
