# Wavelength(micron)	Flux(Jy)	Flux_error(Jy)
9.5623e-01 6.3906e-06 1.2524e-06
9.6954e-01 1.0828e-05 1.2459e-06
9.8318e-01 1.6320e-05 1.2216e-06
9.9715e-01 2.3093e-05 1.2535e-06
1.0114e+00 3.2380e-05 1.2567e-06
1.0261e+00 4.6231e-05 1.2847e-06
1.0410e+00 6.1734e-05 1.3303e-06
1.0563e+00 7.7488e-05 1.4290e-06
1.0719e+00 8.3911e-05 1.4134e-06
1.0879e+00 6.6405e-05 1.3111e-06
1.1041e+00 2.4551e-05 1.0780e-06
1.1207e+00 6.9231e-06 9.6813e-07
1.1375e+00 4.1126e-06 9.7895e-07
1.1547e+00 2.1009e-06 9.2435e-07
1.1721e+00 3.6340e-06 8.7585e-07
1.1898e+00 1.3724e-05 9.3233e-07
1.2077e+00 3.4963e-05 1.0618e-06
1.2259e+00 7.8457e-05 1.2771e-06
1.2443e+00 1.2790e-04 1.4902e-06
1.2630e+00 1.6215e-04 1.6431e-06
1.2818e+00 1.4403e-04 1.5867e-06
1.3008e+00 9.2168e-05 1.3442e-06
1.3200e+00 4.3918e-05 1.1293e-06
1.3393e+00 1.1686e-05 1.0020e-06
1.3587e+00 1.0224e-06 9.6730e-07
1.3783e+00 2.0180e-06 9.8047e-07
1.3980e+00 3.7445e-07 1.0127e-06
1.4178e+00 1.8196e-06 1.0763e-06
1.4377e+00 3.1916e-06 1.0720e-06
1.4576e+00 3.6931e-06 1.1031e-06
1.4775e+00 7.7197e-06 1.1869e-06
1.4976e+00 1.2466e-05 1.2257e-06
1.5176e+00 2.7172e-05 1.3170e-06
1.5376e+00 5.1905e-05 1.4702e-06
1.5577e+00 1.0213e-04 1.6897e-06
1.5777e+00 1.3969e-04 1.8462e-06
1.5977e+00 1.0338e-04 1.7288e-06
1.6177e+00 4.0124e-05 1.5067e-06
1.6377e+00 1.3711e-05 1.4081e-06
1.6576e+00 9.0592e-06 1.4413e-06
1.6774e+00 9.4570e-06 1.4650e-06
1.6972e+00 6.8848e-06 1.4751e-06
1.7170e+00 9.0156e-06 1.5510e-06
1.7367e+00 8.5436e-06 1.5100e-06
1.7563e+00 9.9159e-06 1.5324e-06
1.7758e+00 8.5208e-06 1.5180e-06
1.7952e+00 4.2970e-06 1.5014e-06
1.8146e+00 2.3193e-06 1.5391e-06
1.8339e+00 3.2825e-06 1.5821e-06
1.8531e+00 2.8658e-06 1.6042e-06
1.8709e+00 -8.8940e-07 1.7379e-06
1.8899e+00 4.8524e-06 1.6807e-06
1.9088e+00 7.3344e-06 1.6752e-06
1.9277e+00 7.8501e-06 1.7038e-06
1.9464e+00 7.6474e-06 1.7140e-06
1.9650e+00 1.0360e-05 1.8574e-06
1.9835e+00 1.2738e-05 1.8349e-06
2.0020e+00 2.1871e-05 1.8744e-06
2.0203e+00 3.0969e-05 1.9597e-06
2.0385e+00 3.9438e-05 2.0111e-06
2.0566e+00 4.9208e-05 2.0817e-06
2.0747e+00 5.5453e-05 2.1371e-06
2.0926e+00 5.3659e-05 2.1835e-06
2.1104e+00 4.7925e-05 2.1923e-06
2.1281e+00 4.7135e-05 2.2010e-06
2.1457e+00 3.5579e-05 2.1661e-06
2.1633e+00 2.4536e-05 2.1433e-06
2.1807e+00 2.3412e-05 2.0753e-06
2.1980e+00 1.4097e-05 2.0281e-06
2.2152e+00 5.9285e-06 2.0557e-06
2.2494e+00 7.5164e-06 2.1205e-06
2.2663e+00 4.0500e-06 2.1803e-06
2.2832e+00 3.5122e-06 2.1363e-06
2.2999e+00 2.0812e-06 2.1860e-06
2.3166e+00 2.2189e-07 2.3178e-06
2.3331e+00 2.1519e-06 2.2279e-06
2.3496e+00 2.2035e-06 2.1582e-06
2.3660e+00 2.7618e-06 2.1678e-06
2.3823e+00 4.0885e-06 2.2608e-06
2.3985e+00 1.9828e-06 2.3108e-06
2.4146e+00 3.9919e-06 2.2831e-06
2.4306e+00 2.3553e-06 2.3223e-06
2.4465e+00 6.1869e-06 2.3383e-06
2.4624e+00 1.4427e-05 2.3571e-06
2.4782e+00 1.0453e-05 2.3272e-06
2.4938e+00 1.3914e-05 2.3054e-06
2.5094e+00 8.0585e-06 2.3809e-06
2.5250e+00 4.0286e-06 2.3724e-06
2.5404e+00 8.0361e-06 2.4075e-06
2.5558e+00 3.5444e-06 2.3813e-06
2.5710e+00 4.5871e-06 2.4654e-06
2.5862e+00 2.5979e-06 2.5138e-06
2.6014e+00 2.9257e-06 2.6185e-06
2.6164e+00 2.2167e-06 2.6500e-06
2.6314e+00 7.9505e-06 2.5256e-06
2.6463e+00 1.4930e-05 2.5562e-06
2.6611e+00 9.3541e-06 2.6242e-06
2.6759e+00 3.8245e-06 2.6351e-06
2.6905e+00 -6.1118e-07 2.7282e-06
2.7052e+00 8.8371e-06 2.7106e-06
2.7197e+00 6.1408e-06 2.6546e-06
2.7342e+00 5.5966e-06 2.7949e-06
2.7486e+00 6.7158e-06 2.9083e-06
2.7629e+00 7.0171e-06 2.9450e-06
2.7772e+00 5.5692e-06 2.9852e-06
2.7914e+00 8.7917e-06 2.9408e-06
2.8055e+00 1.0367e-05 2.8987e-06
2.8196e+00 8.1711e-06 2.9514e-06
2.8336e+00 9.4971e-06 3.1003e-06
2.8475e+00 1.3208e-05 3.1330e-06
2.8614e+00 1.8381e-05 3.0734e-06
2.8752e+00 1.2510e-05 3.2494e-06
2.8889e+00 1.9998e-05 3.3945e-06
2.9026e+00 2.2825e-05 3.2850e-06
2.9163e+00 2.6322e-05 3.3204e-06
2.9298e+00 3.5220e-05 3.4023e-06
2.9433e+00 4.4529e-05 3.5267e-06
2.9568e+00 4.6175e-05 3.5688e-06
2.9702e+00 4.7905e-05 3.5719e-06
2.9835e+00 4.5658e-05 3.5972e-06
2.9968e+00 4.2520e-05 3.5158e-06
3.0101e+00 4.0685e-05 3.6249e-06
3.0232e+00 6.2893e-05 3.8308e-06
3.0364e+00 6.9697e-05 3.7864e-06
3.0494e+00 6.5015e-05 3.7487e-06
3.0624e+00 6.2816e-05 3.6786e-06
3.0754e+00 5.9518e-05 3.8008e-06
3.0883e+00 5.3393e-05 3.8158e-06
3.1012e+00 4.3847e-05 3.6604e-06
3.1140e+00 3.7928e-05 3.8670e-06
3.1267e+00 2.6735e-05 3.8260e-06
3.1394e+00 2.2167e-05 3.8740e-06
3.1521e+00 2.1117e-05 3.7735e-06
3.1647e+00 1.7511e-05 3.8020e-06
3.1772e+00 1.6336e-05 3.7935e-06
3.1897e+00 8.4729e-06 3.7973e-06
3.2022e+00 9.1629e-06 3.8834e-06
3.2146e+00 5.4678e-06 3.9220e-06
3.2270e+00 6.5999e-06 3.7806e-06
3.2393e+00 5.7343e-06 3.7683e-06
3.2516e+00 1.3660e-06 3.9895e-06
3.2638e+00 8.2197e-06 3.9581e-06
3.2760e+00 1.0126e-05 3.9784e-06
3.2881e+00 1.2566e-05 4.0089e-06
3.3002e+00 8.7896e-06 3.9320e-06
3.3123e+00 4.5097e-06 4.0688e-06
3.3243e+00 1.1094e-05 4.0852e-06
3.3363e+00 1.1132e-05 4.0988e-06
3.3482e+00 1.0945e-05 4.2571e-06
3.3601e+00 1.5582e-05 4.3409e-06
3.3719e+00 7.7400e-06 4.2002e-06
3.3837e+00 5.6883e-06 4.2300e-06
3.3955e+00 9.3411e-06 4.2637e-06
3.4072e+00 6.2720e-06 4.3486e-06
3.4189e+00 5.4158e-06 4.3446e-06
3.4305e+00 7.1708e-06 4.4158e-06
3.4421e+00 1.3081e-05 4.4115e-06
3.4537e+00 1.6514e-05 4.4210e-06
3.4652e+00 7.5136e-06 4.4860e-06
3.4767e+00 4.1331e-06 4.5607e-06
3.4881e+00 5.4278e-06 4.4834e-06
3.4995e+00 1.8973e-05 4.9382e-06
3.5109e+00 1.5956e-05 4.8666e-06
3.5223e+00 1.9099e-05 4.5615e-06
3.5336e+00 1.9197e-05 4.8237e-06
3.5448e+00 2.8924e-05 5.1104e-06
3.5560e+00 3.6554e-05 5.0961e-06
3.5672e+00 3.6866e-05 4.8851e-06
3.5784e+00 4.7100e-05 5.2006e-06
3.5895e+00 5.0755e-05 5.1043e-06
3.6006e+00 3.8609e-05 5.0285e-06
3.6116e+00 4.5402e-05 5.3317e-06
3.6227e+00 5.6896e-05 5.5529e-06
3.6336e+00 5.6903e-05 5.4062e-06
3.6446e+00 6.4757e-05 5.5846e-06
3.6555e+00 8.4518e-05 5.7216e-06
3.6664e+00 9.4073e-05 5.5725e-06
3.6772e+00 9.7272e-05 5.5929e-06
3.6881e+00 9.8292e-05 5.8320e-06
3.6988e+00 9.1877e-05 5.6293e-06
3.7096e+00 9.0954e-05 5.6114e-06
3.7203e+00 9.3568e-05 5.9402e-06
3.7310e+00 9.7121e-05 5.9618e-06
3.7417e+00 1.1605e-04 5.9650e-06
3.7523e+00 1.2974e-04 6.0317e-06
3.7629e+00 1.3787e-04 6.2597e-06
3.7734e+00 1.1964e-04 6.2620e-06
3.7840e+00 1.2482e-04 6.1028e-06
3.7945e+00 1.3478e-04 6.2332e-06
3.8050e+00 1.6367e-04 6.4733e-06
3.8154e+00 1.9762e-04 6.4872e-06
3.8258e+00 2.2931e-04 6.7588e-06
3.8362e+00 1.9829e-04 6.6152e-06
3.8466e+00 1.4995e-04 6.2750e-06
3.8569e+00 1.7227e-04 6.4912e-06
3.8672e+00 1.8998e-04 6.7163e-06
3.8775e+00 1.9594e-04 6.9304e-06
3.8877e+00 2.0426e-04 6.9721e-06
3.8979e+00 2.0314e-04 6.9639e-06
3.9081e+00 2.2291e-04 7.2829e-06
3.9183e+00 2.3487e-04 7.1954e-06
3.9284e+00 2.4677e-04 7.4919e-06
3.9385e+00 2.7424e-04 7.6354e-06
3.9486e+00 2.8255e-04 7.4267e-06
3.9587e+00 3.0059e-04 7.6880e-06
3.9687e+00 2.8590e-04 7.8739e-06
3.9787e+00 2.9335e-04 7.7290e-06
3.9887e+00 3.4700e-04 8.1356e-06
3.9986e+00 3.5209e-04 8.0707e-06
4.0085e+00 3.4233e-04 8.2082e-06
4.0184e+00 3.7634e-04 8.2409e-06
4.0283e+00 3.8309e-04 8.4080e-06
4.0381e+00 3.4863e-04 8.2791e-06
4.0480e+00 4.0326e-04 8.6774e-06
4.0578e+00 4.2420e-04 8.8009e-06
4.0675e+00 4.4099e-04 8.8977e-06
4.0773e+00 4.5277e-04 8.9921e-06
4.0870e+00 4.8598e-04 9.2425e-06
4.0967e+00 4.9825e-04 9.2762e-06
4.1064e+00 4.7251e-04 9.0416e-06
4.1160e+00 4.7645e-04 9.3975e-06
4.1257e+00 5.1828e-04 9.5874e-06
4.1353e+00 5.2981e-04 9.7197e-06
4.1448e+00 4.7433e-04 9.5987e-06
4.1544e+00 4.4803e-04 9.6590e-06
4.1639e+00 5.2109e-04 9.9777e-06
4.1734e+00 5.5025e-04 1.0079e-05
4.1829e+00 4.7850e-04 9.5759e-06
4.1924e+00 4.1797e-04 9.5282e-06
4.2018e+00 4.4331e-04 9.5458e-06
4.2113e+00 4.1529e-04 9.4256e-06
4.2207e+00 3.3619e-04 9.3915e-06
4.2300e+00 3.3538e-04 9.3513e-06
4.2394e+00 3.6080e-04 9.5342e-06
4.2487e+00 3.9533e-04 9.4789e-06
4.2580e+00 3.9966e-04 9.5735e-06
4.2673e+00 3.7345e-04 9.3935e-06
4.2766e+00 4.0510e-04 9.5600e-06
4.2858e+00 4.2572e-04 1.0159e-05
4.2951e+00 3.9772e-04 9.9996e-06
4.3043e+00 3.5899e-04 9.8619e-06
4.3135e+00 4.0571e-04 1.0039e-05
4.3226e+00 4.5340e-04 1.0130e-05
4.3318e+00 4.1701e-04 1.0178e-05
4.3409e+00 4.0583e-04 1.0139e-05
4.3500e+00 4.2229e-04 1.0209e-05
4.3591e+00 4.6743e-04 1.0766e-05
4.3681e+00 4.9726e-04 1.1243e-05
4.3772e+00 5.0649e-04 1.1180e-05
4.3862e+00 4.5616e-04 1.1171e-05
4.3952e+00 4.4303e-04 1.0818e-05
4.4042e+00 5.4537e-04 1.1818e-05
4.4131e+00 5.9420e-04 1.2064e-05
4.4221e+00 4.8604e-04 1.1188e-05
4.4310e+00 4.2570e-04 1.0976e-05
4.4399e+00 4.1680e-04 1.1006e-05
4.4488e+00 4.5223e-04 1.1312e-05
4.4577e+00 4.3828e-04 1.1127e-05
4.4665e+00 3.7284e-04 1.0954e-05
4.4754e+00 3.7045e-04 1.1176e-05
4.4842e+00 3.8952e-04 1.0995e-05
4.4930e+00 3.7339e-04 1.1205e-05
4.5017e+00 3.6365e-04 1.1552e-05
4.5105e+00 3.2430e-04 1.0938e-05
4.5192e+00 2.7927e-04 1.0714e-05
4.5279e+00 2.6867e-04 1.0867e-05
4.5366e+00 2.9092e-04 1.0730e-05
4.5453e+00 2.8653e-04 1.0848e-05
4.5540e+00 2.8309e-04 1.0721e-05
4.5626e+00 2.7574e-04 1.0431e-05
4.5713e+00 2.2179e-04 1.0745e-05
4.5799e+00 2.4647e-04 1.0891e-05
4.5885e+00 2.7680e-04 1.0806e-05
4.5971e+00 2.8701e-04 1.0765e-05
4.6056e+00 2.8335e-04 1.1020e-05
4.6142e+00 2.6566e-04 1.0911e-05
4.6227e+00 2.6006e-04 1.0988e-05
4.6312e+00 2.8408e-04 1.1093e-05
4.6397e+00 3.1705e-04 1.1446e-05
4.6482e+00 3.0452e-04 1.1269e-05
4.6566e+00 3.4059e-04 1.2073e-05
4.6651e+00 3.6371e-04 1.2476e-05
4.6735e+00 3.1940e-04 1.1613e-05
4.6819e+00 3.3181e-04 1.1582e-05
4.6903e+00 3.4352e-04 1.1687e-05
4.6987e+00 2.9981e-04 1.1635e-05
4.7070e+00 2.6994e-04 1.1600e-05
4.7154e+00 2.6238e-04 1.1791e-05
4.7237e+00 2.4099e-04 1.1983e-05
4.7320e+00 2.5361e-04 1.2004e-05
4.7403e+00 3.2344e-04 1.2029e-05
4.7486e+00 3.2666e-04 1.2045e-05
4.7569e+00 2.9731e-04 1.2573e-05
4.7651e+00 2.8643e-04 1.2355e-05
4.7733e+00 2.7562e-04 1.2258e-05
4.7816e+00 2.2863e-04 1.1900e-05
4.7898e+00 2.6572e-04 1.2511e-05
4.7979e+00 3.2493e-04 1.3097e-05
4.8061e+00 3.0907e-04 1.2761e-05
4.8143e+00 2.8767e-04 1.2771e-05
4.8224e+00 3.2305e-04 1.3086e-05
4.8306e+00 2.8543e-04 1.3461e-05
4.8387e+00 2.5195e-04 1.2777e-05
4.8468e+00 3.2117e-04 1.3138e-05
4.8548e+00 3.7061e-04 1.3499e-05
4.8629e+00 3.8174e-04 1.3787e-05
4.8710e+00 3.5320e-04 1.3712e-05
4.8790e+00 3.7606e-04 1.3816e-05
4.8870e+00 3.2866e-04 1.3455e-05
4.8950e+00 3.0682e-04 1.3335e-05
4.9030e+00 3.4030e-04 1.4075e-05
4.9110e+00 3.8351e-04 1.4563e-05
4.9190e+00 4.0425e-04 1.4021e-05
4.9269e+00 3.5470e-04 1.3722e-05
4.9349e+00 3.1598e-04 1.3891e-05
4.9428e+00 2.8321e-04 1.3468e-05
4.9507e+00 2.2444e-04 1.3459e-05
4.9586e+00 2.6812e-04 1.3737e-05
4.9665e+00 3.6053e-04 1.4369e-05
4.9744e+00 3.9897e-04 1.4795e-05
4.9822e+00 4.3746e-04 1.4990e-05
4.9901e+00 4.3462e-04 1.4955e-05
4.9979e+00 4.1519e-04 1.5210e-05
5.0057e+00 3.7645e-04 1.4629e-05
5.0135e+00 2.4782e-04 1.4141e-05
5.0213e+00 2.4372e-04 1.4845e-05
5.0291e+00 3.2867e-04 1.4977e-05
5.0368e+00 3.9593e-04 1.5888e-05
5.0446e+00 3.9307e-04 1.6335e-05
5.0523e+00 4.3138e-04 1.6973e-05
5.0600e+00 4.2648e-04 1.5871e-05
5.0678e+00 4.3801e-04 1.6033e-05
5.0755e+00 3.1715e-04 1.5939e-05
5.0831e+00 2.8508e-04 1.5860e-05
5.0908e+00 3.3388e-04 1.8270e-05
5.0985e+00 3.4517e-04 1.7455e-05
5.1061e+00 2.9997e-04 1.6737e-05
5.1137e+00 3.2145e-04 1.7148e-05
5.1214e+00 3.3671e-04 1.7626e-05
5.1290e+00 2.7411e-04 1.7521e-05
5.1366e+00 1.4848e-04 1.7141e-05
5.1441e+00 1.9620e-04 1.6683e-05
5.1517e+00 2.6893e-04 1.7453e-05
5.1593e+00 2.7830e-04 1.7342e-05
5.1668e+00 2.5442e-04 1.7095e-05
5.1744e+00 2.7619e-04 1.7617e-05
5.1819e+00 3.2119e-04 1.8390e-05
5.1894e+00 3.0061e-04 1.7871e-05
5.2164e+00 2.5113e-04 8.3620e-07
5.2786e+00 2.2567e-04 7.9182e-07
5.3395e+00 2.0829e-04 7.6444e-07
5.3992e+00 1.6534e-04 7.1077e-07
5.4578e+00 1.3556e-04 6.8154e-07
5.5154e+00 1.1686e-04 6.6058e-07
5.5721e+00 9.8194e-05 6.2403e-07
5.6279e+00 8.6667e-05 6.0773e-07
5.6829e+00 7.5811e-05 5.9592e-07
5.7370e+00 7.0867e-05 5.5825e-07
5.7903e+00 7.1998e-05 5.8714e-07
5.8428e+00 6.7019e-05 5.9948e-07
5.8945e+00 6.1415e-05 5.9538e-07
5.9455e+00 6.7531e-05 5.8666e-07
5.9958e+00 7.6657e-05 6.6666e-07
6.0453e+00 7.3639e-05 6.0729e-07
6.0943e+00 7.6130e-05 6.6806e-07
6.1425e+00 8.3943e-05 6.8744e-07
6.1901e+00 1.0570e-04 7.3631e-07
6.2371e+00 1.3582e-04 7.7022e-07
6.2835e+00 1.5629e-04 8.3747e-07
6.3294e+00 1.3166e-04 7.9235e-07
6.3747e+00 9.3777e-05 7.3642e-07
6.4195e+00 6.5217e-05 6.6650e-07
6.5510e+00 5.2351e-05 6.6390e-07
6.5939e+00 5.4547e-05 6.6535e-07
6.6365e+00 6.2638e-05 7.1511e-07
6.6787e+00 7.3441e-05 7.4023e-07
6.7205e+00 8.5767e-05 7.8696e-07
6.7620e+00 9.0406e-05 8.0930e-07
6.8031e+00 9.1874e-05 7.9849e-07
6.8439e+00 9.4115e-05 8.1393e-07
6.8843e+00 1.0363e-04 8.8817e-07
6.9245e+00 1.1509e-04 8.9702e-07
6.9643e+00 1.1739e-04 9.1522e-07
7.0037e+00 1.1130e-04 8.9685e-07
7.0429e+00 1.1083e-04 9.2526e-07
7.0817e+00 1.1117e-04 9.3058e-07
7.1203e+00 1.0809e-04 9.2912e-07
7.1585e+00 9.8483e-05 9.1930e-07
7.1964e+00 9.2741e-05 9.6771e-07
7.2340e+00 8.7982e-05 9.0251e-07
7.2714e+00 7.3984e-05 8.8383e-07
7.3084e+00 6.8108e-05 8.8149e-07
7.3452e+00 5.9191e-05 8.9017e-07
7.3817e+00 5.7255e-05 8.8508e-07
7.4180e+00 5.6192e-05 8.9797e-07
7.4539e+00 5.8811e-05 8.9601e-07
7.4896e+00 6.3407e-05 9.2170e-07
7.5250e+00 7.5361e-05 9.4359e-07
7.5602e+00 8.4064e-05 9.8944e-07
7.5952e+00 8.8745e-05 1.0014e-06
7.6298e+00 7.7801e-05 9.5110e-07
7.6643e+00 6.1330e-05 9.3583e-07
7.6984e+00 4.6251e-05 9.1160e-07
7.7325e+00 5.2918e-05 9.2238e-07
7.7662e+00 6.3527e-05 9.7362e-07
7.7997e+00 6.6185e-05 9.8588e-07
7.8330e+00 7.3346e-05 1.0159e-06
7.8661e+00 7.3583e-05 1.0360e-06
7.8989e+00 7.5362e-05 1.0343e-06
7.9316e+00 8.0695e-05 1.0455e-06
7.9641e+00 9.0199e-05 1.0986e-06
7.9963e+00 9.0182e-05 1.1090e-06
8.0285e+00 9.1972e-05 1.1160e-06
8.0603e+00 9.1766e-05 1.1503e-06
8.0920e+00 1.0279e-04 1.2047e-06
8.1236e+00 1.2143e-04 1.2334e-06
8.1549e+00 1.2109e-04 1.2977e-06
8.1861e+00 1.1750e-04 1.2553e-06
8.2171e+00 1.2963e-04 1.3666e-06
8.2479e+00 1.5286e-04 1.4240e-06
8.2786e+00 1.5671e-04 1.3574e-06
8.3091e+00 1.6414e-04 1.4842e-06
8.3395e+00 1.6790e-04 1.4796e-06
8.3697e+00 1.8029e-04 1.5000e-06
8.3998e+00 1.8706e-04 1.5433e-06
8.4298e+00 2.0594e-04 1.5436e-06
8.4596e+00 2.0802e-04 1.5814e-06
8.4893e+00 2.1550e-04 1.5739e-06
8.5189e+00 2.2745e-04 1.6225e-06
8.5482e+00 2.4036e-04 1.6627e-06
8.5775e+00 2.5338e-04 1.7145e-06
8.6066e+00 2.5541e-04 1.7105e-06
8.6357e+00 2.6123e-04 1.7740e-06
8.6645e+00 2.7475e-04 1.8094e-06
8.6933e+00 2.9227e-04 1.8775e-06
8.7219e+00 3.0261e-04 1.8984e-06
8.7504e+00 3.0067e-04 1.9106e-06
8.7787e+00 2.8376e-04 1.8208e-06
8.8070e+00 2.8749e-04 1.9374e-06
8.8351e+00 3.2226e-04 1.9302e-06
8.8631e+00 3.3151e-04 2.0326e-06
8.8910e+00 3.2903e-04 2.0482e-06
8.9186e+00 3.1573e-04 2.0114e-06
8.9463e+00 3.0818e-04 2.0257e-06
8.9737e+00 3.1620e-04 2.0828e-06
9.0011e+00 3.3107e-04 2.0929e-06
9.0284e+00 3.3267e-04 2.1288e-06
9.0555e+00 3.3473e-04 2.1498e-06
9.0825e+00 3.3536e-04 2.1934e-06
9.1094e+00 3.3323e-04 2.0269e-06
9.1361e+00 3.2976e-04 2.1965e-06
9.1628e+00 3.3119e-04 2.1933e-06
9.1894e+00 3.3691e-04 2.2511e-06
9.2158e+00 3.5965e-04 2.2802e-06
9.2421e+00 3.7089e-04 2.3426e-06
9.2684e+00 3.7373e-04 2.3504e-06
9.2944e+00 3.4864e-04 2.3381e-06
9.3204e+00 3.3713e-04 2.2514e-06
9.3463e+00 3.4398e-04 2.3519e-06
9.3720e+00 3.6444e-04 2.3877e-06
9.3977e+00 3.7884e-04 2.4501e-06
9.4232e+00 3.8614e-04 2.4557e-06
9.4486e+00 3.7157e-04 2.4882e-06
9.4740e+00 3.5149e-04 2.4357e-06
9.4992e+00 3.5369e-04 2.4762e-06
9.5244e+00 3.6808e-04 2.5108e-06
9.5493e+00 3.8522e-04 2.5776e-06
9.5742e+00 4.1019e-04 2.6138e-06
9.5991e+00 4.1982e-04 2.6606e-06
9.6237e+00 4.1752e-04 2.6698e-06
9.6484e+00 3.8301e-04 2.6401e-06
9.6729e+00 3.4904e-04 2.5557e-06
9.6973e+00 3.5086e-04 2.6381e-06
9.7216e+00 3.8134e-04 2.6679e-06
9.7458e+00 4.2239e-04 2.7716e-06
9.7700e+00 4.5345e-04 2.8438e-06
9.7940e+00 4.5517e-04 2.9268e-06
9.8180e+00 4.6868e-04 2.9718e-06
9.8418e+00 4.3411e-04 3.1616e-06
9.8656e+00 3.7813e-04 3.0257e-06
9.8892e+00 3.6742e-04 2.9462e-06
9.9128e+00 4.0359e-04 2.9316e-06
9.9363e+00 4.6440e-04 3.0335e-06
9.9597e+00 5.0944e-04 3.1644e-06
9.9830e+00 5.3801e-04 3.2234e-06
1.0006e+01 5.2298e-04 3.2412e-06
1.0030e+01 4.8189e-04 3.2113e-06
1.0053e+01 4.3689e-04 3.1812e-06
1.0075e+01 4.1215e-04 2.9467e-06
1.0098e+01 4.3854e-04 3.2365e-06
1.0121e+01 4.7610e-04 3.3542e-06
1.0144e+01 5.3946e-04 3.4960e-06
1.0166e+01 5.6871e-04 3.5976e-06
1.0189e+01 5.7419e-04 3.7631e-06
1.0212e+01 5.8171e-04 3.8071e-06
1.0234e+01 5.3858e-04 3.6044e-06
1.0257e+01 4.8045e-04 3.6378e-06
1.0278e+01 4.1954e-04 3.4732e-06
1.0300e+01 3.5390e-04 3.3921e-06
1.0323e+01 2.3359e-04 3.1535e-06
1.0345e+01 1.6113e-04 3.0693e-06
1.0367e+01 1.2713e-04 3.0086e-06
1.0389e+01 1.4089e-04 3.1008e-06
1.0411e+01 1.6047e-04 3.1497e-06
1.0432e+01 1.9354e-04 3.3082e-06
1.0454e+01 2.0733e-04 3.3852e-06
1.0475e+01 2.1639e-04 3.4594e-06
1.0497e+01 2.4146e-04 3.5862e-06
1.0518e+01 2.4516e-04 3.6612e-06
1.0540e+01 2.6007e-04 3.7162e-06
1.0561e+01 2.6712e-04 3.8151e-06
1.0582e+01 2.9044e-04 3.8566e-06
1.0604e+01 2.9306e-04 3.9563e-06
1.0625e+01 3.0434e-04 4.0007e-06
1.0646e+01 2.7283e-04 4.1851e-06
1.0666e+01 2.2687e-04 3.8733e-06
1.0687e+01 1.8265e-04 4.0484e-06
1.0708e+01 1.3665e-04 3.9248e-06
1.0729e+01 1.2405e-04 3.9929e-06
1.0750e+01 1.2034e-04 4.0240e-06
1.0771e+01 1.4945e-04 4.1658e-06
1.0792e+01 1.8374e-04 4.3438e-06
1.0813e+01 2.2478e-04 4.4615e-06
1.0833e+01 2.4212e-04 4.5305e-06
1.0853e+01 2.5802e-04 4.7677e-06
1.0873e+01 2.7035e-04 4.7977e-06
1.0894e+01 2.6421e-04 4.9311e-06
1.0914e+01 2.8233e-04 4.7632e-06
1.0935e+01 2.9689e-04 4.9644e-06
1.0955e+01 3.0264e-04 5.2179e-06
1.0975e+01 2.8250e-04 5.4240e-06
1.0996e+01 2.8582e-04 5.4855e-06
1.1016e+01 3.0939e-04 5.5515e-06
1.1036e+01 3.2263e-04 5.3421e-06
1.1055e+01 3.7420e-04 5.9235e-06
1.1075e+01 4.2315e-04 6.0569e-06
1.1095e+01 4.0857e-04 6.2137e-06
1.1115e+01 4.2447e-04 6.2791e-06
1.1135e+01 4.4052e-04 6.3215e-06
1.1155e+01 4.3675e-04 6.3097e-06
1.1174e+01 4.2036e-04 6.5573e-06
1.1194e+01 4.0576e-04 6.5532e-06
1.1214e+01 3.7851e-04 6.9752e-06
1.1233e+01 3.3754e-04 7.0091e-06
1.1252e+01 3.3220e-04 6.9912e-06
1.1271e+01 4.1490e-04 7.2012e-06
1.1291e+01 4.4495e-04 7.6715e-06
1.1310e+01 4.5807e-04 7.8270e-06
1.1330e+01 4.6032e-04 7.7113e-06
1.1349e+01 4.7865e-04 7.7599e-06
1.1368e+01 4.6543e-04 7.8543e-06
1.1387e+01 4.4226e-04 7.6865e-06
1.1407e+01 4.4623e-04 8.1020e-06
1.1426e+01 4.2842e-04 7.6752e-06
1.1444e+01 3.8839e-04 7.9681e-06
1.1463e+01 3.9529e-04 7.5979e-06
1.1482e+01 3.7304e-04 7.9688e-06
1.1501e+01 3.5257e-04 7.9726e-06
1.1519e+01 3.5092e-04 8.1888e-06
1.1538e+01 3.5744e-04 8.0644e-06
1.1557e+01 3.9678e-04 8.7167e-06
1.1576e+01 4.1186e-04 8.8124e-06
1.1594e+01 4.3979e-04 9.1174e-06
1.1613e+01 4.2343e-04 8.8796e-06
1.1632e+01 3.6998e-04 9.0423e-06
1.1649e+01 3.9883e-04 9.4708e-06
1.1668e+01 3.7953e-04 8.9254e-06
1.1686e+01 3.6811e-04 9.2823e-06
1.1704e+01 3.2410e-04 9.4921e-06
1.1723e+01 2.8972e-04 9.7345e-06
1.1741e+01 2.7606e-04 1.0979e-05
1.1759e+01 2.8977e-04 1.0070e-05
1.1778e+01 3.3796e-04 1.0721e-05
1.1796e+01 3.3171e-04 1.0856e-05
1.1814e+01 3.5765e-04 1.1218e-05
1.1832e+01 3.6618e-04 1.1164e-05
1.1849e+01 3.7306e-04 1.1867e-05
1.1867e+01 3.5862e-04 1.1709e-05
1.1885e+01 3.9237e-04 1.2535e-05
1.1903e+01 3.5700e-04 1.2056e-05
1.1921e+01 4.2512e-04 1.2723e-05
1.1938e+01 3.7373e-04 1.2887e-05
1.1956e+01 3.6565e-04 1.3261e-05
1.1974e+01 3.4356e-04 1.2845e-05
