# Wavelength(micron)	Flux(Jy)	Flux_error(Jy)
9.5172e-01 -5.6464e-07 1.1582e-06
9.6493e-01 -6.0768e-07 1.1773e-06
9.7847e-01 1.0462e-06 1.1483e-06
9.9234e-01 4.0205e-06 1.1212e-06
1.0065e+00 3.5231e-06 1.0826e-06
1.0211e+00 6.5775e-06 1.0820e-06
1.0359e+00 8.5383e-06 1.0812e-06
1.0511e+00 1.2801e-05 1.0637e-06
1.0667e+00 1.1596e-05 1.0340e-06
1.0825e+00 7.3650e-06 9.8411e-07
1.0987e+00 2.1322e-06 9.2322e-07
1.1151e+00 9.8148e-08 8.9137e-07
1.1319e+00 -1.5609e-06 8.8853e-07
1.1490e+00 1.0974e-07 8.6914e-07
1.1663e+00 1.3850e-06 8.5462e-07
1.1839e+00 3.8750e-07 8.5195e-07
1.2018e+00 -1.0385e-06 8.5951e-07
1.2200e+00 2.6450e-06 8.6910e-07
1.2383e+00 7.7771e-06 8.9864e-07
1.2569e+00 1.3096e-05 9.5061e-07
1.2757e+00 1.2793e-05 9.4289e-07
1.2947e+00 9.2784e-06 9.2446e-07
1.3138e+00 3.9905e-06 8.8081e-07
1.3331e+00 6.2408e-07 9.1967e-07
1.3525e+00 -1.6071e-06 9.3794e-07
1.3721e+00 -6.8454e-07 9.5170e-07
1.3918e+00 4.0080e-09 9.9334e-07
1.4116e+00 1.5684e-06 9.7862e-07
1.4314e+00 3.0491e-07 1.0518e-06
1.4514e+00 -6.1677e-07 1.0784e-06
1.4713e+00 2.7165e-07 1.0880e-06
1.4914e+00 1.4382e-06 1.1114e-06
1.5114e+00 -7.1945e-08 1.1309e-06
1.5315e+00 2.2790e-06 1.1555e-06
1.5515e+00 7.4384e-06 1.2170e-06
1.5716e+00 9.4415e-06 1.2591e-06
1.5917e+00 1.1868e-05 1.3101e-06
1.6117e+00 7.9870e-06 1.3223e-06
1.6317e+00 2.2607e-06 1.3281e-06
1.6516e+00 5.2878e-07 1.3270e-06
1.6702e+00 9.6803e-07 1.3580e-06
1.6900e+00 2.8217e-07 1.4349e-06
1.7098e+00 -6.3094e-07 1.4334e-06
1.7296e+00 3.3329e-06 1.4720e-06
1.7492e+00 2.2337e-06 1.4722e-06
1.7688e+00 1.9354e-06 1.4938e-06
1.7883e+00 1.9722e-06 1.5299e-06
1.8077e+00 -5.9211e-07 1.5866e-06
1.8271e+00 -2.0060e-06 1.5803e-06
1.8463e+00 -1.9135e-06 1.5981e-06
1.8655e+00 -1.7293e-06 1.6080e-06
1.8846e+00 7.6833e-07 1.6244e-06
1.9035e+00 -7.4905e-07 1.6729e-06
1.9224e+00 -1.5270e-06 1.6894e-06
1.9412e+00 3.0628e-07 1.7361e-06
1.9599e+00 2.6163e-06 1.7552e-06
1.9785e+00 1.8960e-06 1.7935e-06
1.9970e+00 1.7853e-06 1.8574e-06
2.0153e+00 1.3560e-06 1.8547e-06
2.0336e+00 5.1094e-06 1.8401e-06
2.0518e+00 4.8909e-06 1.8751e-06
2.0699e+00 3.6245e-06 1.8869e-06
2.0879e+00 2.5535e-06 1.9061e-06
2.1057e+00 3.1388e-06 1.9276e-06
2.1235e+00 2.3719e-06 1.9380e-06
2.1412e+00 2.1080e-06 1.9671e-06
2.1588e+00 3.3493e-06 1.9969e-06
2.1762e+00 1.9355e-06 2.0186e-06
2.1936e+00 -1.2118e-06 2.0244e-06
2.2109e+00 -1.2996e-07 2.0681e-06
2.2281e+00 1.9570e-06 2.0755e-06
2.2452e+00 2.4979e-06 2.1358e-06
2.2621e+00 1.1795e-06 2.1540e-06
2.2790e+00 -1.8623e-06 2.2260e-06
2.2958e+00 1.0252e-07 2.1945e-06
2.3125e+00 3.2692e-06 2.2572e-06
2.3291e+00 1.8166e-06 2.1728e-06
2.3457e+00 -2.0429e-06 2.1705e-06
2.3621e+00 1.3229e-07 2.1924e-06
2.3784e+00 -1.0617e-06 2.2186e-06
2.3947e+00 -1.6467e-06 2.2595e-06
2.4108e+00 -2.2465e-07 2.2693e-06
2.4269e+00 2.8020e-07 2.3070e-06
2.4429e+00 5.1097e-07 2.2726e-06
2.4588e+00 4.4368e-07 2.3191e-06
2.4746e+00 1.9490e-06 2.3417e-06
2.4903e+00 2.7767e-06 2.3639e-06
2.5060e+00 -1.9058e-06 2.3468e-06
2.5215e+00 7.5966e-07 2.3640e-06
2.5370e+00 2.7076e-06 2.3800e-06
2.5524e+00 -6.1869e-07 2.4336e-06
2.5678e+00 -7.7844e-07 2.4721e-06
2.5830e+00 2.0014e-06 2.4888e-06
2.5982e+00 1.9196e-07 2.4802e-06
2.6133e+00 1.9444e-07 2.4701e-06
2.6283e+00 7.0715e-07 2.4689e-06
2.6432e+00 -2.5050e-06 2.5242e-06
2.6581e+00 -3.0024e-06 2.5709e-06
2.6729e+00 7.3740e-08 2.6293e-06
2.6876e+00 2.6436e-06 2.6754e-06
2.7023e+00 6.9821e-07 2.6573e-06
2.7168e+00 -1.7388e-06 2.6975e-06
2.7313e+00 -3.9416e-06 2.6891e-06
2.7458e+00 -1.3366e-06 2.7569e-06
2.7602e+00 -9.4386e-07 2.8602e-06
2.7745e+00 -1.9981e-06 2.8676e-06
2.7887e+00 -1.8913e-06 2.8912e-06
2.8029e+00 7.3457e-07 2.9457e-06
2.8170e+00 -9.6598e-07 2.9192e-06
2.8310e+00 -9.8444e-07 2.9810e-06
2.8450e+00 2.8409e-06 3.0796e-06
2.8589e+00 3.8734e-06 3.1802e-06
2.8728e+00 5.5722e-06 3.2356e-06
2.8866e+00 7.3442e-06 3.1139e-06
2.9003e+00 -1.0495e-06 3.2185e-06
2.9140e+00 -1.1088e-06 3.2638e-06
2.9276e+00 1.0279e-05 3.2698e-06
2.9411e+00 7.7387e-06 3.2463e-06
2.9546e+00 6.2276e-06 3.3153e-06
2.9680e+00 1.0590e-05 3.3239e-06
2.9814e+00 1.5171e-05 3.3404e-06
2.9947e+00 6.6658e-06 3.3336e-06
3.0080e+00 5.2071e-06 3.3416e-06
3.0212e+00 1.3378e-05 3.4319e-06
3.0344e+00 1.8478e-05 3.5721e-06
3.0475e+00 1.6672e-05 3.4987e-06
3.0605e+00 2.4526e-05 3.5228e-06
3.0735e+00 2.6231e-05 3.5479e-06
3.0865e+00 2.1458e-05 3.5421e-06
3.0993e+00 1.6769e-05 3.6045e-06
3.1122e+00 1.6525e-05 3.5815e-06
3.1250e+00 1.5394e-05 3.6998e-06
3.1377e+00 1.2818e-05 3.7379e-06
3.1504e+00 7.7211e-06 3.6745e-06
3.1630e+00 7.1623e-06 3.5685e-06
3.1756e+00 4.0246e-06 3.7049e-06
3.1882e+00 4.2617e-06 3.6161e-06
3.2007e+00 -3.1466e-06 3.6785e-06
3.2131e+00 4.9009e-06 3.8384e-06
3.2255e+00 6.3110e-06 3.7706e-06
3.2379e+00 -3.1062e-06 3.7752e-06
3.2502e+00 7.7592e-07 3.7753e-06
3.2624e+00 5.6088e-06 3.8261e-06
3.2747e+00 -1.1711e-06 3.7849e-06
3.2868e+00 -3.7422e-07 3.8365e-06
3.2990e+00 8.2240e-06 3.9058e-06
3.3110e+00 4.6594e-06 3.9406e-06
3.3231e+00 1.4168e-06 3.9821e-06
3.3351e+00 6.0611e-06 3.9695e-06
3.3470e+00 5.4863e-06 4.0642e-06
3.3589e+00 -2.9863e-06 4.1683e-06
3.3708e+00 1.9241e-06 4.2643e-06
3.3826e+00 5.9977e-06 4.0635e-06
3.3944e+00 8.0768e-06 4.1710e-06
3.4062e+00 1.6111e-06 4.2268e-06
3.4179e+00 -5.4070e-06 4.1903e-06
3.4288e+00 -4.0027e-07 4.1604e-06
3.4404e+00 5.2203e-07 4.3050e-06
3.4520e+00 -1.5046e-08 4.2430e-06
3.4636e+00 -4.6173e-06 4.3690e-06
3.4751e+00 8.8395e-06 4.3326e-06
3.4866e+00 1.4640e-05 4.4685e-06
3.4980e+00 9.4140e-06 4.3698e-06
3.5094e+00 7.1303e-06 4.5810e-06
3.5208e+00 1.1967e-05 4.5498e-06
3.5321e+00 1.1358e-05 4.4971e-06
3.5434e+00 1.7303e-05 4.6212e-06
3.5547e+00 1.1073e-05 4.7800e-06
3.5659e+00 1.7970e-05 4.7255e-06
3.5771e+00 9.4817e-06 4.6471e-06
3.5882e+00 8.9415e-06 4.8660e-06
3.5993e+00 1.0717e-05 4.8360e-06
3.6104e+00 7.1894e-06 4.7118e-06
3.6215e+00 2.0436e-05 4.9747e-06
3.6325e+00 2.2715e-05 5.0392e-06
3.6434e+00 2.7674e-05 5.1253e-06
3.6544e+00 4.6130e-05 5.3216e-06
3.6653e+00 4.9288e-05 5.1793e-06
3.6762e+00 4.4170e-05 5.1276e-06
3.6870e+00 5.1277e-05 5.1383e-06
3.6978e+00 6.1607e-05 5.3183e-06
3.7086e+00 5.1873e-05 5.4078e-06
3.7194e+00 5.7667e-05 5.3440e-06
3.7301e+00 5.7744e-05 5.5159e-06
3.7408e+00 6.7874e-05 5.5760e-06
3.7514e+00 7.9064e-05 5.6482e-06
3.7621e+00 9.3569e-05 5.7862e-06
3.7727e+00 8.1320e-05 5.7714e-06
3.7832e+00 6.8092e-05 5.6862e-06
3.7938e+00 7.1300e-05 5.8688e-06
3.8043e+00 1.0925e-04 6.1284e-06
3.8147e+00 1.4223e-04 6.5878e-06
3.8252e+00 1.5688e-04 6.5506e-06
3.8356e+00 1.6562e-04 6.5049e-06
3.8460e+00 9.5143e-05 6.1073e-06
3.8563e+00 9.5994e-05 6.0932e-06
3.8667e+00 1.1717e-04 6.1933e-06
3.8770e+00 1.2788e-04 6.3103e-06
3.8872e+00 1.3651e-04 6.4609e-06
3.8975e+00 1.3905e-04 6.4880e-06
3.9077e+00 1.4897e-04 6.5502e-06
3.9179e+00 1.6725e-04 6.7191e-06
3.9280e+00 1.7508e-04 6.8734e-06
3.9382e+00 1.9022e-04 7.0126e-06
3.9483e+00 1.9861e-04 6.9923e-06
3.9584e+00 2.1248e-04 7.0999e-06
3.9684e+00 2.3917e-04 7.3060e-06
3.9785e+00 2.2358e-04 7.2200e-06
3.9885e+00 2.4528e-04 7.4979e-06
3.9984e+00 2.6299e-04 7.9292e-06
4.0084e+00 2.5345e-04 7.8402e-06
4.0183e+00 2.7863e-04 7.8984e-06
4.0282e+00 3.0036e-04 7.9291e-06
4.0381e+00 2.6140e-04 7.7442e-06
4.0479e+00 2.8034e-04 7.8314e-06
4.0577e+00 3.2129e-04 8.2298e-06
4.0675e+00 3.5089e-04 8.4311e-06
4.0773e+00 3.3572e-04 8.3022e-06
4.0871e+00 3.5259e-04 8.4134e-06
4.0968e+00 3.8278e-04 8.5331e-06
4.1065e+00 3.8480e-04 8.7185e-06
4.1162e+00 3.6571e-04 8.7679e-06
4.1258e+00 4.0804e-04 9.0466e-06
4.1355e+00 4.6218e-04 9.3263e-06
4.1451e+00 4.2868e-04 9.1928e-06
4.1547e+00 3.7559e-04 8.7945e-06
4.1642e+00 4.3826e-04 9.2506e-06
4.1737e+00 5.1633e-04 9.6768e-06
4.1833e+00 4.7351e-04 9.5029e-06
4.1928e+00 4.0524e-04 9.3274e-06
4.2022e+00 4.2335e-04 9.3878e-06
4.2117e+00 4.5870e-04 9.7193e-06
4.2211e+00 4.2176e-04 9.9209e-06
4.2305e+00 3.8058e-04 9.9981e-06
4.2399e+00 4.6338e-04 1.0371e-05
4.2492e+00 5.1137e-04 1.0558e-05
4.2586e+00 4.9928e-04 1.0552e-05
4.2679e+00 4.6638e-04 1.0354e-05
4.2772e+00 4.8652e-04 1.0099e-05
4.2865e+00 5.2482e-04 1.0166e-05
4.2957e+00 5.1204e-04 1.0377e-05
4.3049e+00 4.7575e-04 1.0150e-05
4.3141e+00 4.8017e-04 1.0212e-05
4.3233e+00 5.7448e-04 1.0610e-05
4.3325e+00 5.7327e-04 1.0618e-05
4.3416e+00 4.9416e-04 1.0300e-05
4.3508e+00 4.8256e-04 1.0457e-05
4.3599e+00 5.2772e-04 1.0565e-05
4.3690e+00 5.8078e-04 1.0912e-05
4.3780e+00 6.0950e-04 1.0971e-05
4.3871e+00 5.3453e-04 1.0808e-05
4.3961e+00 4.6618e-04 1.0670e-05
4.4051e+00 5.5779e-04 1.1194e-05
4.4141e+00 6.7054e-04 1.1775e-05
4.4231e+00 6.1608e-04 1.1711e-05
4.4320e+00 4.7428e-04 1.0807e-05
4.4409e+00 4.8044e-04 1.0930e-05
4.4499e+00 5.2990e-04 1.1082e-05
4.4588e+00 5.4359e-04 1.1431e-05
4.4676e+00 5.0546e-04 1.1234e-05
4.4765e+00 4.6848e-04 1.1194e-05
4.4853e+00 4.6388e-04 1.1058e-05
4.4941e+00 4.7259e-04 1.1015e-05
4.5029e+00 4.7234e-04 1.1334e-05
4.5117e+00 4.4520e-04 1.1523e-05
4.5205e+00 3.8245e-04 1.1026e-05
4.5292e+00 3.3684e-04 1.0716e-05
4.5379e+00 3.5821e-04 1.1199e-05
4.5466e+00 4.0830e-04 1.1234e-05
4.5553e+00 4.1300e-04 1.1352e-05
4.5640e+00 3.9948e-04 1.1243e-05
4.5727e+00 3.2731e-04 1.1097e-05
4.5813e+00 3.2227e-04 1.1119e-05
4.5899e+00 3.6299e-04 1.1514e-05
4.5985e+00 3.8551e-04 1.1402e-05
4.6071e+00 4.0733e-04 1.1690e-05
4.6157e+00 3.5328e-04 1.1574e-05
4.6242e+00 3.2870e-04 1.1247e-05
4.6327e+00 3.6285e-04 1.1464e-05
4.6413e+00 4.1507e-04 1.1936e-05
4.6498e+00 3.8379e-04 1.1686e-05
4.6582e+00 3.7900e-04 1.2051e-05
4.6667e+00 4.3940e-04 1.2635e-05
4.6752e+00 3.8135e-04 1.2689e-05
4.6836e+00 3.6233e-04 1.1892e-05
4.6920e+00 4.5022e-04 1.2462e-05
4.7004e+00 4.3399e-04 1.2434e-05
4.7088e+00 3.5873e-04 1.2192e-05
4.7172e+00 3.6142e-04 1.2321e-05
4.7255e+00 3.3766e-04 1.2428e-05
4.7339e+00 3.6034e-04 1.2270e-05
4.7422e+00 4.4238e-04 1.2564e-05
4.7505e+00 4.5838e-04 1.2601e-05
4.7588e+00 4.3361e-04 1.2665e-05
4.7670e+00 3.7397e-04 1.2656e-05
4.7753e+00 3.4449e-04 1.2917e-05
4.7835e+00 2.5938e-04 1.2388e-05
4.7918e+00 3.1547e-04 1.2270e-05
4.8000e+00 4.2009e-04 1.3133e-05
4.8082e+00 4.0340e-04 1.3228e-05
4.8164e+00 3.6473e-04 1.3161e-05
4.8245e+00 4.2020e-04 1.3739e-05
4.8327e+00 4.2651e-04 1.3653e-05
4.8408e+00 3.3195e-04 1.3267e-05
4.8489e+00 2.9920e-04 1.2946e-05
4.8570e+00 4.3860e-04 1.3896e-05
4.8651e+00 5.3126e-04 1.4578e-05
4.8732e+00 5.1985e-04 1.4487e-05
4.8813e+00 4.7217e-04 1.4169e-05
4.8893e+00 3.9098e-04 1.3836e-05
4.8973e+00 3.1820e-04 1.3517e-05
4.9054e+00 3.3966e-04 1.3702e-05
4.9134e+00 4.2491e-04 1.4677e-05
4.9214e+00 5.2626e-04 1.5169e-05
4.9293e+00 5.0620e-04 1.4767e-05
4.9373e+00 3.8482e-04 1.4113e-05
4.9452e+00 2.9366e-04 1.3605e-05
4.9532e+00 2.5342e-04 1.3535e-05
4.9611e+00 2.4843e-04 1.3488e-05
4.9690e+00 3.7654e-04 1.4392e-05
4.9769e+00 4.2163e-04 1.4604e-05
4.9848e+00 4.2472e-04 1.4813e-05
4.9926e+00 4.7511e-04 1.4999e-05
5.0005e+00 4.6065e-04 1.4842e-05
5.0083e+00 3.9474e-04 1.4781e-05
5.0162e+00 2.6213e-04 1.3905e-05
5.0240e+00 1.8830e-04 1.3911e-05
5.0318e+00 2.4248e-04 1.4209e-05
5.0395e+00 3.9021e-04 1.5214e-05
5.0473e+00 4.5379e-04 1.5897e-05
5.0551e+00 4.9646e-04 1.6817e-05
5.0628e+00 5.3114e-04 1.7206e-05
5.0706e+00 5.3470e-04 1.6442e-05
5.0783e+00 3.7409e-04 1.6111e-05
5.0860e+00 2.2818e-04 1.5304e-05
5.0937e+00 3.1573e-04 1.5970e-05
5.1014e+00 3.8170e-04 1.7155e-05
5.1090e+00 2.8902e-04 1.6115e-05
5.1167e+00 2.9626e-04 1.6005e-05
5.1243e+00 3.7255e-04 1.6286e-05
5.1320e+00 3.2610e-04 1.6118e-05
5.1396e+00 1.7607e-04 1.5633e-05
5.1472e+00 1.0057e-04 1.5631e-05
5.1548e+00 1.7358e-04 1.5825e-05
5.1623e+00 2.5284e-04 1.6485e-05
5.1699e+00 2.9551e-04 1.6708e-05
5.1775e+00 3.0623e-04 1.6904e-05
5.1850e+00 3.4382e-04 1.7248e-05
5.2045e+00 2.2815e-04 7.6431e-07
5.2667e+00 1.9104e-04 7.0438e-07
5.3277e+00 1.7438e-04 6.7634e-07
5.3876e+00 1.3880e-04 6.2234e-07
5.4463e+00 9.9563e-05 5.6923e-07
5.5039e+00 7.5289e-05 5.2684e-07
5.5607e+00 5.6724e-05 4.9195e-07
5.6166e+00 4.1945e-05 4.4386e-07
5.6716e+00 3.4362e-05 4.3970e-07
5.7258e+00 2.9157e-05 3.9798e-07
5.7791e+00 2.9670e-05 4.2400e-07
5.8317e+00 2.8187e-05 4.3915e-07
5.8835e+00 2.3716e-05 4.2948e-07
5.9346e+00 2.2498e-05 4.1646e-07
5.9849e+00 2.7761e-05 4.7117e-07
6.0346e+00 2.7766e-05 4.3405e-07
6.0836e+00 2.6740e-05 4.6730e-07
6.1319e+00 3.0310e-05 4.8520e-07
6.1795e+00 4.5317e-05 5.2764e-07
6.2266e+00 6.9059e-05 5.9180e-07
6.2731e+00 8.8724e-05 6.4934e-07
6.3190e+00 7.9546e-05 6.1583e-07
6.3643e+00 4.9727e-05 5.6496e-07
6.4093e+00 3.2429e-05 5.0208e-07
6.5410e+00 2.4615e-05 5.0922e-07
6.5839e+00 2.5623e-05 5.1739e-07
6.6266e+00 3.0555e-05 5.6707e-07
6.6688e+00 3.7293e-05 5.9254e-07
6.7106e+00 4.8541e-05 6.3390e-07
6.7522e+00 5.5025e-05 6.5914e-07
6.7934e+00 5.8893e-05 6.4372e-07
6.8342e+00 5.9119e-05 6.4568e-07
6.8747e+00 7.2545e-05 7.1974e-07
6.9149e+00 8.6954e-05 7.5828e-07
6.9547e+00 8.7975e-05 7.7925e-07
6.9943e+00 8.6484e-05 7.7285e-07
7.0335e+00 9.2705e-05 7.9144e-07
7.0724e+00 1.0522e-04 8.3288e-07
7.1110e+00 1.0809e-04 8.5787e-07
7.1493e+00 9.2409e-05 8.1719e-07
7.1873e+00 8.3769e-05 8.2169e-07
7.2249e+00 8.3131e-05 8.1065e-07
7.2624e+00 7.0108e-05 7.7971e-07
7.2995e+00 5.4540e-05 7.5435e-07
7.3363e+00 4.4573e-05 7.4169e-07
7.3729e+00 3.7709e-05 7.3571e-07
7.4092e+00 3.4675e-05 7.3968e-07
7.4451e+00 3.6981e-05 7.6449e-07
7.4809e+00 4.2773e-05 7.7106e-07
7.5164e+00 5.1713e-05 7.8421e-07
7.5516e+00 5.8499e-05 8.2736e-07
7.5866e+00 6.7308e-05 8.4334e-07
7.6214e+00 6.2730e-05 8.3214e-07
7.6558e+00 4.4756e-05 7.8724e-07
7.6901e+00 3.3723e-05 7.9765e-07
7.7241e+00 3.5477e-05 8.0114e-07
7.7579e+00 4.6644e-05 8.3402e-07
7.7914e+00 5.4673e-05 8.4497e-07
7.8248e+00 5.6822e-05 8.7405e-07
7.8579e+00 5.5946e-05 8.6524e-07
7.8909e+00 5.0534e-05 8.5084e-07
7.9235e+00 5.8887e-05 8.9686e-07
7.9561e+00 6.8910e-05 9.4063e-07
7.9884e+00 7.5403e-05 9.6052e-07
8.0205e+00 7.9629e-05 9.8413e-07
8.0525e+00 8.9281e-05 1.0177e-06
8.0841e+00 1.0859e-04 1.1327e-06
8.1157e+00 1.3257e-04 1.1600e-06
8.1471e+00 1.3757e-04 1.1862e-06
8.1784e+00 1.4585e-04 1.1995e-06
8.2094e+00 1.6290e-04 1.2932e-06
8.2403e+00 1.8827e-04 1.3600e-06
8.2710e+00 2.1252e-04 1.3290e-06
8.3016e+00 2.2260e-04 1.4536e-06
8.3320e+00 2.3092e-04 1.4730e-06
8.3623e+00 2.4511e-04 1.4955e-06
8.3924e+00 2.8019e-04 1.5674e-06
8.4224e+00 3.0651e-04 1.6677e-06
8.4523e+00 3.1198e-04 1.6562e-06
8.4821e+00 3.0655e-04 1.6353e-06
8.5116e+00 3.1688e-04 1.6740e-06
8.5410e+00 3.5531e-04 1.7357e-06
8.5703e+00 3.7884e-04 1.8000e-06
8.5995e+00 3.6574e-04 1.7898e-06
8.6286e+00 3.5581e-04 1.7961e-06
8.6575e+00 3.6863e-04 1.8304e-06
8.6863e+00 3.9958e-04 1.9230e-06
8.7150e+00 4.1015e-04 1.9394e-06
8.7435e+00 3.8802e-04 1.9177e-06
8.7719e+00 3.5065e-04 1.8075e-06
8.8002e+00 3.5169e-04 1.8927e-06
8.8284e+00 4.0313e-04 1.9387e-06
8.8564e+00 4.2552e-04 2.0718e-06
8.8843e+00 4.0918e-04 2.0196e-06
8.9121e+00 3.6413e-04 1.9518e-06
8.9397e+00 3.2645e-04 1.8988e-06
8.9672e+00 3.3308e-04 1.9427e-06
8.9947e+00 3.5633e-04 1.9970e-06
9.0219e+00 3.6452e-04 2.0374e-06
9.0491e+00 3.5496e-04 2.0142e-06
9.0761e+00 3.5173e-04 2.0545e-06
9.1030e+00 3.3821e-04 1.8623e-06
9.1298e+00 3.2399e-04 2.0362e-06
9.1566e+00 3.1255e-04 2.0031e-06
9.1832e+00 3.2459e-04 2.0508e-06
9.2096e+00 3.3850e-04 2.2412e-06
9.2360e+00 3.6059e-04 2.2225e-06
9.2622e+00 3.7581e-04 2.1826e-06
9.2883e+00 3.3310e-04 2.1449e-06
9.3143e+00 2.9166e-04 1.9928e-06
9.3402e+00 2.9170e-04 2.0824e-06
9.3660e+00 3.0930e-04 2.0917e-06
9.3917e+00 3.5993e-04 2.2399e-06
9.4173e+00 4.0240e-04 2.2797e-06
9.4428e+00 3.9944e-04 2.3086e-06
9.4681e+00 3.3529e-04 2.2095e-06
9.4934e+00 2.9448e-04 2.1479e-06
9.5185e+00 2.8627e-04 2.1429e-06
9.5436e+00 3.2169e-04 2.3302e-06
9.5685e+00 3.6771e-04 2.3525e-06
9.5934e+00 4.3132e-04 2.4896e-06
9.6181e+00 4.4260e-04 2.5147e-06
9.6428e+00 3.9123e-04 2.4353e-06
9.6674e+00 3.1688e-04 2.3026e-06
9.6918e+00 2.8223e-04 2.2727e-06
9.7162e+00 3.1964e-04 2.3420e-06
9.7404e+00 3.9217e-04 2.5192e-06
9.7646e+00 4.6821e-04 2.6579e-06
9.7886e+00 5.3377e-04 2.8460e-06
9.8126e+00 5.6022e-04 2.8584e-06
9.8365e+00 4.8934e-04 2.7750e-06
9.8603e+00 4.0050e-04 2.6107e-06
9.8839e+00 3.4395e-04 2.6382e-06
9.9076e+00 3.5515e-04 2.5596e-06
9.9311e+00 4.4919e-04 2.8060e-06
9.9546e+00 5.4668e-04 2.9483e-06
9.9779e+00 6.2595e-04 3.1718e-06
1.0001e+01 6.2694e-04 3.1766e-06
1.0024e+01 5.7408e-04 3.1519e-06
1.0048e+01 4.9753e-04 3.0205e-06
1.0071e+01 4.3011e-04 2.7779e-06
1.0094e+01 4.4927e-04 2.9639e-06
1.0116e+01 5.3787e-04 3.2158e-06
1.0139e+01 6.4198e-04 3.4067e-06
1.0161e+01 7.0490e-04 3.6054e-06
1.0184e+01 7.2407e-04 3.6117e-06
1.0207e+01 7.1293e-04 3.6578e-06
1.0229e+01 6.6703e-04 3.6080e-06
1.0251e+01 5.9032e-04 3.4800e-06
1.0274e+01 4.7846e-04 3.2556e-06
1.0296e+01 3.4193e-04 3.0824e-06
1.0318e+01 2.3680e-04 2.8140e-06
1.0340e+01 1.4260e-04 2.6386e-06
1.0363e+01 9.5413e-05 2.5295e-06
1.0384e+01 1.1050e-04 2.6829e-06
1.0405e+01 1.4474e-04 2.8637e-06
1.0427e+01 1.8832e-04 3.0306e-06
1.0449e+01 2.4058e-04 3.1350e-06
1.0471e+01 2.4519e-04 3.5068e-06
1.0492e+01 2.6165e-04 3.2889e-06
1.0514e+01 2.5846e-04 3.3820e-06
1.0536e+01 2.7140e-04 3.3820e-06
1.0557e+01 3.1020e-04 3.5757e-06
1.0578e+01 3.5458e-04 3.6782e-06
1.0600e+01 3.7818e-04 3.7334e-06
1.0621e+01 3.7045e-04 3.8114e-06
1.0642e+01 3.2866e-04 3.8983e-06
1.0662e+01 2.5194e-04 3.5366e-06
1.0683e+01 1.7790e-04 3.5374e-06
1.0704e+01 1.2429e-04 3.4526e-06
1.0725e+01 8.8071e-05 3.4539e-06
1.0746e+01 8.1471e-05 3.3803e-06
1.0767e+01 9.9193e-05 3.4985e-06
1.0788e+01 1.4061e-04 3.7360e-06
1.0809e+01 1.8294e-04 4.0060e-06
1.0829e+01 2.3568e-04 4.0378e-06
1.0850e+01 2.8256e-04 4.2996e-06
1.0870e+01 3.2196e-04 4.2769e-06
1.0891e+01 3.6080e-04 4.6140e-06
1.0911e+01 3.7867e-04 4.6883e-06
1.0931e+01 4.2290e-04 4.6686e-06
1.0951e+01 4.0608e-04 5.0410e-06
1.0971e+01 3.6942e-04 5.0877e-06
1.0992e+01 3.5830e-04 5.1803e-06
1.1012e+01 3.7949e-04 5.2430e-06
1.1032e+01 4.1890e-04 5.0721e-06
1.1052e+01 5.1418e-04 5.6873e-06
1.1072e+01 5.5941e-04 5.7970e-06
1.1092e+01 5.8620e-04 6.0351e-06
1.1112e+01 5.9056e-04 6.1500e-06
1.1132e+01 6.1787e-04 6.2952e-06
1.1152e+01 5.9607e-04 6.1417e-06
1.1171e+01 5.5875e-04 6.3818e-06
1.1190e+01 4.7638e-04 6.1675e-06
1.1210e+01 4.0793e-04 6.3106e-06
1.1229e+01 3.6140e-04 5.9413e-06
1.1249e+01 3.7077e-04 6.3835e-06
1.1268e+01 4.3736e-04 6.4332e-06
1.1288e+01 5.2170e-04 6.9584e-06
1.1307e+01 5.9710e-04 7.0061e-06
1.1327e+01 6.2816e-04 7.3448e-06
1.1346e+01 6.3133e-04 7.3190e-06
1.1365e+01 6.1017e-04 7.4485e-06
1.1384e+01 6.0096e-04 7.3717e-06
1.1403e+01 5.9948e-04 7.5100e-06
1.1423e+01 5.3852e-04 7.2042e-06
1.1442e+01 4.5437e-04 7.2391e-06
1.1460e+01 4.1070e-04 6.9854e-06
1.1479e+01 3.8825e-04 7.2951e-06
1.1498e+01 3.7098e-04 7.3539e-06
1.1516e+01 3.8369e-04 7.5816e-06
1.1535e+01 4.0338e-04 7.4036e-06
1.1554e+01 4.8940e-04 8.2928e-06
1.1573e+01 5.5500e-04 8.3257e-06
1.1591e+01 5.8042e-04 8.5634e-06
1.1610e+01 6.0723e-04 8.4294e-06
1.1629e+01 5.9899e-04 8.9460e-06
1.1647e+01 5.4043e-04 8.8949e-06
1.1666e+01 5.4636e-04 8.6923e-06
1.1684e+01 4.5801e-04 8.9635e-06
1.1702e+01 3.8109e-04 8.5673e-06
1.1721e+01 3.4399e-04 8.5093e-06
1.1738e+01 2.8604e-04 9.1042e-06
1.1756e+01 3.1328e-04 9.1991e-06
1.1775e+01 3.8727e-04 9.8834e-06
1.1793e+01 3.9260e-04 9.6800e-06
1.1811e+01 3.8618e-04 9.9403e-06
1.1829e+01 4.2471e-04 1.0613e-05
1.1847e+01 4.5760e-04 1.1063e-05
1.1865e+01 4.8384e-04 1.0984e-05
1.1883e+01 5.3469e-04 1.1467e-05
1.1901e+01 5.8783e-04 1.1526e-05
1.1919e+01 5.2282e-04 1.1848e-05
1.1936e+01 5.0605e-04 1.1851e-05
1.1954e+01 4.7677e-04 1.1810e-05
1.1972e+01 3.4450e-04 1.1329e-05
