# Wavelength(micron)	Flux(Jy)	Flux_error(Jy)
9.5181e-01 9.1938e-06 1.2411e-06
9.6500e-01 1.5189e-05 1.2356e-06
9.7853e-01 2.2631e-05 1.2273e-06
9.9238e-01 3.6640e-05 1.3060e-06
1.0066e+00 5.8616e-05 1.3847e-06
1.0211e+00 8.4430e-05 1.4829e-06
1.0359e+00 1.1412e-04 1.6210e-06
1.0511e+00 1.4870e-04 1.7509e-06
1.0666e+00 1.6719e-04 1.8229e-06
1.0824e+00 1.4611e-04 1.6855e-06
1.0986e+00 7.4540e-05 1.3149e-06
1.1150e+00 2.0701e-05 1.0129e-06
1.1318e+00 8.0392e-06 9.1117e-07
1.1488e+00 6.0151e-06 8.8982e-07
1.1662e+00 7.8385e-06 9.1489e-07
1.1838e+00 2.4608e-05 9.8158e-07
1.2016e+00 6.6457e-05 1.2016e-06
1.2197e+00 1.3200e-04 1.5234e-06
1.2381e+00 2.2281e-04 1.9039e-06
1.2566e+00 3.2305e-04 2.2353e-06
1.2754e+00 3.1773e-04 2.1975e-06
1.2943e+00 2.2019e-04 1.8385e-06
1.3135e+00 1.1513e-04 1.4357e-06
1.3327e+00 3.9121e-05 1.1171e-06
1.3522e+00 5.8422e-06 9.8270e-07
1.3717e+00 2.7339e-06 9.3388e-07
1.3914e+00 2.0919e-06 1.0052e-06
1.4111e+00 3.1637e-06 1.0241e-06
1.4309e+00 1.5478e-06 1.0207e-06
1.4508e+00 7.0881e-06 1.0872e-06
1.4708e+00 1.1264e-05 1.1127e-06
1.4908e+00 2.1594e-05 1.2078e-06
1.5108e+00 4.6327e-05 1.3607e-06
1.5309e+00 9.6823e-05 1.6105e-06
1.5509e+00 1.8451e-04 1.9838e-06
1.5709e+00 2.7027e-04 2.3181e-06
1.5910e+00 2.5006e-04 2.2859e-06
1.6110e+00 1.1265e-04 1.7840e-06
1.6309e+00 3.7404e-05 1.4559e-06
1.6509e+00 2.5565e-05 1.4682e-06
1.6708e+00 2.2049e-05 1.4453e-06
1.6906e+00 1.7771e-05 1.4777e-06
1.7104e+00 1.7293e-05 1.4862e-06
1.7301e+00 2.1075e-05 1.5495e-06
1.7497e+00 2.0351e-05 1.5612e-06
1.7693e+00 1.7501e-05 1.5676e-06
1.7887e+00 1.1551e-05 1.5977e-06
1.8081e+00 6.2616e-06 1.6253e-06
1.8275e+00 4.8826e-06 1.5769e-06
1.8467e+00 6.1348e-06 1.5899e-06
1.8658e+00 8.9564e-06 1.6307e-06
1.8849e+00 1.0566e-05 1.7195e-06
1.9038e+00 1.1896e-05 1.7499e-06
1.9227e+00 1.0292e-05 1.7225e-06
1.9414e+00 8.8031e-06 1.7490e-06
1.9601e+00 1.3552e-05 1.7904e-06
1.9786e+00 2.2999e-05 1.8915e-06
1.9971e+00 4.0429e-05 1.9498e-06
2.0154e+00 5.5309e-05 2.0397e-06
2.0337e+00 6.4885e-05 2.1332e-06
2.0519e+00 8.3776e-05 2.2166e-06
2.0699e+00 9.4223e-05 2.3162e-06
2.0879e+00 9.6614e-05 2.3073e-06
2.1057e+00 9.0115e-05 2.3384e-06
2.1235e+00 7.6817e-05 2.2968e-06
2.1411e+00 6.5210e-05 2.2639e-06
2.1587e+00 4.9723e-05 2.1775e-06
2.1761e+00 3.9831e-05 2.1827e-06
2.1935e+00 2.4609e-05 2.0662e-06
2.2107e+00 1.2833e-05 2.0368e-06
2.2279e+00 8.8214e-06 2.0819e-06
2.2449e+00 5.4045e-06 2.1357e-06
2.2619e+00 3.9388e-06 2.0908e-06
2.2788e+00 5.0817e-06 2.1117e-06
2.2956e+00 5.6167e-06 2.1466e-06
2.3122e+00 4.6588e-06 2.0923e-06
2.3288e+00 4.3682e-06 2.1390e-06
2.3442e+00 6.0551e-06 2.1434e-06
2.3606e+00 3.4263e-06 2.1930e-06
2.3769e+00 4.1419e-06 2.2047e-06
2.3932e+00 7.9931e-06 2.2858e-06
2.4093e+00 9.0548e-06 2.2521e-06
2.4254e+00 1.1590e-05 2.3109e-06
2.4413e+00 1.5123e-05 2.3597e-06
2.4572e+00 2.1048e-05 2.4108e-06
2.4730e+00 2.4326e-05 2.4445e-06
2.4887e+00 2.5352e-05 2.4446e-06
2.5044e+00 2.2509e-05 2.4572e-06
2.5199e+00 1.7531e-05 2.5658e-06
2.5354e+00 1.1394e-05 2.3871e-06
2.5508e+00 8.5017e-06 2.3716e-06
2.5661e+00 4.3452e-06 2.3940e-06
2.5813e+00 -1.0819e-06 2.4606e-06
2.5965e+00 1.6972e-06 2.4358e-06
2.6115e+00 2.5165e-06 2.4482e-06
2.6265e+00 8.3774e-06 2.5354e-06
2.6415e+00 1.6654e-05 2.5879e-06
2.6563e+00 8.8018e-06 2.6314e-06
2.6711e+00 3.9260e-06 2.6045e-06
2.6858e+00 6.0289e-06 2.5910e-06
2.7004e+00 7.5934e-06 2.6735e-06
2.7150e+00 9.3920e-06 2.8065e-06
2.7295e+00 1.5301e-05 2.8061e-06
2.7439e+00 1.4702e-05 2.8442e-06
2.7583e+00 8.8308e-06 2.8691e-06
2.7726e+00 9.7677e-06 2.8651e-06
2.7868e+00 1.4072e-05 2.9385e-06
2.8010e+00 1.6568e-05 2.9947e-06
2.8150e+00 2.7514e-05 3.1712e-06
2.8291e+00 2.8219e-05 3.1332e-06
2.8430e+00 2.5633e-05 3.1190e-06
2.8569e+00 3.2430e-05 3.2110e-06
2.8708e+00 4.7366e-05 3.3559e-06
2.8846e+00 5.9292e-05 3.4456e-06
2.8983e+00 5.4553e-05 3.4018e-06
2.9119e+00 7.0583e-05 3.5025e-06
2.9255e+00 8.3828e-05 3.7456e-06
2.9391e+00 9.5494e-05 3.7981e-06
2.9525e+00 1.0037e-04 3.7585e-06
2.9660e+00 1.0037e-04 3.8027e-06
2.9793e+00 1.1264e-04 3.8937e-06
2.9926e+00 1.1093e-04 3.9317e-06
3.0059e+00 1.0472e-04 3.9960e-06
3.0191e+00 1.3445e-04 4.1463e-06
3.0322e+00 1.5671e-04 4.1981e-06
3.0453e+00 1.4904e-04 4.1477e-06
3.0583e+00 1.5072e-04 4.1799e-06
3.0713e+00 1.3874e-04 4.1828e-06
3.0842e+00 1.1275e-04 4.0471e-06
3.0971e+00 1.0063e-04 4.0884e-06
3.1099e+00 8.2214e-05 4.0736e-06
3.1227e+00 6.5726e-05 3.9946e-06
3.1354e+00 5.6305e-05 3.8203e-06
3.1481e+00 3.7900e-05 3.8093e-06
3.1607e+00 2.7271e-05 3.7283e-06
3.1733e+00 1.8944e-05 3.6741e-06
3.1858e+00 1.0965e-05 3.7878e-06
3.1983e+00 5.6122e-06 3.7582e-06
3.2107e+00 9.6294e-06 3.7424e-06
3.2231e+00 1.2505e-05 3.7665e-06
3.2355e+00 1.2290e-05 3.8242e-06
3.2478e+00 1.3971e-05 3.8880e-06
3.2600e+00 1.7626e-05 4.0150e-06
3.2722e+00 1.8582e-05 3.9403e-06
3.2844e+00 2.6336e-05 3.9476e-06
3.2965e+00 2.8723e-05 4.0321e-06
3.3086e+00 1.5505e-05 3.9783e-06
3.3206e+00 6.6890e-06 4.0277e-06
3.3326e+00 4.0333e-06 4.0717e-06
3.3445e+00 1.3683e-05 4.2292e-06
3.3564e+00 1.8022e-05 4.1135e-06
3.3683e+00 1.1964e-05 4.2561e-06
3.3801e+00 1.6541e-05 4.3219e-06
3.3919e+00 2.0573e-05 4.2786e-06
3.4036e+00 1.7067e-05 4.2037e-06
3.4153e+00 1.3102e-05 4.3395e-06
3.4269e+00 1.7687e-05 4.2480e-06
3.4386e+00 2.4375e-05 4.3691e-06
3.4501e+00 1.9404e-05 4.3921e-06
3.4617e+00 2.2208e-05 4.5080e-06
3.4732e+00 1.9070e-05 4.4860e-06
3.4846e+00 2.1672e-05 4.5380e-06
3.4961e+00 3.1378e-05 4.5225e-06
3.5074e+00 4.6674e-05 4.6593e-06
3.5188e+00 4.9671e-05 4.8373e-06
3.5301e+00 4.0009e-05 4.8719e-06
3.5414e+00 5.3151e-05 4.8486e-06
3.5526e+00 5.7272e-05 4.8962e-06
3.5638e+00 7.3728e-05 5.2350e-06
3.5750e+00 7.6585e-05 5.2185e-06
3.5861e+00 7.0329e-05 5.1211e-06
3.5972e+00 7.4077e-05 5.2828e-06
3.6083e+00 7.6932e-05 5.3658e-06
3.6193e+00 1.0270e-04 5.5679e-06
3.6303e+00 1.3028e-04 5.6719e-06
3.6413e+00 1.4366e-04 5.8032e-06
3.6522e+00 1.7049e-04 5.8898e-06
3.6631e+00 1.9902e-04 5.9809e-06
3.6740e+00 2.1666e-04 6.1618e-06
3.6848e+00 2.1403e-04 6.2033e-06
3.6956e+00 2.2092e-04 6.2694e-06
3.7063e+00 2.3430e-04 6.4005e-06
3.7171e+00 2.3882e-04 6.5896e-06
3.7278e+00 2.4414e-04 6.5399e-06
3.7385e+00 2.7209e-04 6.6888e-06
3.7491e+00 3.1983e-04 6.9903e-06
3.7597e+00 3.3757e-04 7.1184e-06
3.7703e+00 3.0003e-04 7.0154e-06
3.7808e+00 2.7911e-04 6.8704e-06
3.7913e+00 3.1225e-04 7.1039e-06
3.8018e+00 3.8843e-04 7.3688e-06
3.8123e+00 4.6408e-04 7.8253e-06
3.8227e+00 5.3873e-04 8.3454e-06
3.8331e+00 4.9375e-04 8.2831e-06
3.8435e+00 3.6247e-04 7.7200e-06
3.8538e+00 3.8489e-04 7.6857e-06
3.8641e+00 4.3802e-04 8.0229e-06
3.8744e+00 4.6295e-04 8.0776e-06
3.8847e+00 4.8490e-04 8.2095e-06
3.8949e+00 5.1170e-04 8.5303e-06
3.9051e+00 5.2915e-04 8.6388e-06
3.9153e+00 5.6319e-04 8.7526e-06
3.9254e+00 5.9143e-04 8.8943e-06
3.9355e+00 6.5217e-04 9.0837e-06
3.9456e+00 6.7023e-04 9.0892e-06
3.9557e+00 6.7043e-04 9.2352e-06
3.9657e+00 6.9757e-04 9.4237e-06
3.9757e+00 6.8623e-04 9.5573e-06
3.9857e+00 7.7105e-04 9.9808e-06
3.9957e+00 8.0670e-04 1.0157e-05
4.0056e+00 7.8221e-04 1.0069e-05
4.0155e+00 8.6662e-04 1.0453e-05
4.0254e+00 8.7868e-04 1.0437e-05
4.0353e+00 8.7911e-04 1.0716e-05
4.0451e+00 9.0894e-04 1.0918e-05
4.0549e+00 9.7370e-04 1.1115e-05
4.0647e+00 1.0333e-03 1.1314e-05
4.0744e+00 1.0094e-03 1.1242e-05
4.0842e+00 1.1212e-03 1.1793e-05
4.0939e+00 1.1363e-03 1.1978e-05
4.1036e+00 1.1092e-03 1.2031e-05
4.1132e+00 1.0788e-03 1.1990e-05
4.1229e+00 1.1777e-03 1.2292e-05
4.1325e+00 1.2267e-03 1.2472e-05
4.1421e+00 1.1379e-03 1.2333e-05
4.1516e+00 1.0872e-03 1.2324e-05
4.1612e+00 1.1506e-03 1.2503e-05
4.1707e+00 1.2210e-03 1.2749e-05
4.1802e+00 1.1483e-03 1.2454e-05
4.1897e+00 1.0404e-03 1.2037e-05
4.1991e+00 1.0790e-03 1.2352e-05
4.2086e+00 1.0584e-03 1.2473e-05
4.2180e+00 9.0097e-04 1.1815e-05
4.2274e+00 8.3801e-04 1.1479e-05
4.2367e+00 9.1645e-04 1.1810e-05
4.2461e+00 9.6283e-04 1.1974e-05
4.2554e+00 9.9565e-04 1.2129e-05
4.2647e+00 9.5825e-04 1.1974e-05
4.2740e+00 9.7522e-04 1.2271e-05
4.2832e+00 1.0292e-03 1.2411e-05
4.2924e+00 1.0120e-03 1.2418e-05
4.3017e+00 9.2492e-04 1.2138e-05
4.3108e+00 9.5472e-04 1.2269e-05
4.3200e+00 1.0939e-03 1.2680e-05
4.3292e+00 1.1119e-03 1.2928e-05
4.3383e+00 1.0177e-03 1.2613e-05
4.3474e+00 1.0237e-03 1.2752e-05
4.3565e+00 1.1060e-03 1.3062e-05
4.3656e+00 1.2013e-03 1.3754e-05
4.3746e+00 1.2053e-03 1.3708e-05
4.3837e+00 1.0994e-03 1.3259e-05
4.3927e+00 9.9850e-04 1.3046e-05
4.4017e+00 1.1592e-03 1.3857e-05
4.4106e+00 1.3242e-03 1.4277e-05
4.4196e+00 1.1464e-03 1.3703e-05
4.4285e+00 9.2784e-04 1.2821e-05
4.4374e+00 9.6689e-04 1.3087e-05
4.4463e+00 1.0419e-03 1.3392e-05
4.4552e+00 1.0478e-03 1.3478e-05
4.4640e+00 9.6497e-04 1.3269e-05
4.4729e+00 8.9642e-04 1.3134e-05
4.4817e+00 9.1327e-04 1.3239e-05
4.4905e+00 8.9680e-04 1.3682e-05
4.4993e+00 8.7109e-04 1.3420e-05
4.5080e+00 8.0846e-04 1.3056e-05
4.5168e+00 7.1595e-04 1.3117e-05
4.5255e+00 6.6678e-04 1.2354e-05
4.5342e+00 6.7822e-04 1.2443e-05
4.5429e+00 7.1551e-04 1.2733e-05
4.5516e+00 7.1195e-04 1.2804e-05
4.5602e+00 7.0419e-04 1.2791e-05
4.5689e+00 6.3388e-04 1.2477e-05
4.5775e+00 6.4652e-04 1.2508e-05
4.5861e+00 7.0861e-04 1.2952e-05
4.5947e+00 7.5038e-04 1.3416e-05
4.6033e+00 7.3705e-04 1.3317e-05
4.6118e+00 6.7100e-04 1.3210e-05
4.6203e+00 6.4796e-04 1.3115e-05
4.6289e+00 7.2048e-04 1.3575e-05
4.6374e+00 7.6864e-04 1.3669e-05
4.6458e+00 7.5002e-04 1.4157e-05
4.6543e+00 8.3512e-04 1.4505e-05
4.6627e+00 9.4978e-04 1.4669e-05
4.6712e+00 8.1500e-04 1.4174e-05
4.6796e+00 8.0288e-04 1.4155e-05
4.6880e+00 9.1206e-04 1.4713e-05
4.6964e+00 8.6352e-04 1.4513e-05
4.7047e+00 7.6158e-04 1.4110e-05
4.7131e+00 7.2250e-04 1.4013e-05
4.7214e+00 6.7696e-04 1.3905e-05
4.7298e+00 6.7744e-04 1.3821e-05
4.7381e+00 7.7034e-04 1.4471e-05
4.7463e+00 8.6939e-04 1.5384e-05
4.7546e+00 8.2602e-04 1.5085e-05
4.7629e+00 7.7573e-04 1.4732e-05
4.7711e+00 6.6404e-04 1.4105e-05
4.7793e+00 5.7400e-04 1.3953e-05
4.7875e+00 6.2192e-04 1.4102e-05
4.7957e+00 8.1981e-04 1.5013e-05
4.8039e+00 7.9195e-04 1.5121e-05
4.8121e+00 7.4459e-04 1.5030e-05
4.8202e+00 7.9173e-04 1.5176e-05
4.8284e+00 7.9026e-04 1.5058e-05
4.8365e+00 6.9784e-04 1.5087e-05
4.8446e+00 7.1953e-04 1.5323e-05
4.8527e+00 8.4714e-04 1.5939e-05
4.8608e+00 9.2635e-04 1.6263e-05
4.8688e+00 9.1448e-04 1.6235e-05
4.8769e+00 9.2925e-04 1.6352e-05
4.8849e+00 8.5606e-04 1.6024e-05
4.8929e+00 7.4215e-04 1.5831e-05
4.9009e+00 7.9812e-04 1.6514e-05
4.9089e+00 9.4940e-04 1.6646e-05
4.9169e+00 1.0319e-03 1.7114e-05
4.9248e+00 9.3758e-04 1.6803e-05
4.9328e+00 8.0005e-04 1.6312e-05
4.9407e+00 7.6068e-04 1.6199e-05
4.9486e+00 6.2280e-04 1.5481e-05
4.9565e+00 6.0725e-04 1.5446e-05
4.9644e+00 8.4759e-04 1.6713e-05
4.9723e+00 9.1202e-04 1.7221e-05
4.9802e+00 9.5531e-04 1.7312e-05
4.9880e+00 1.0299e-03 1.7643e-05
4.9958e+00 9.7630e-04 1.7496e-05
5.0037e+00 8.8064e-04 1.7433e-05
5.0115e+00 6.3111e-04 1.6084e-05
5.0193e+00 5.1970e-04 1.5736e-05
5.0270e+00 6.9040e-04 1.7127e-05
5.0348e+00 9.0912e-04 1.8174e-05
5.0426e+00 9.4533e-04 1.8634e-05
5.0503e+00 9.6759e-04 1.8291e-05
5.0580e+00 1.0197e-03 1.8467e-05
5.0657e+00 1.0303e-03 1.9029e-05
5.0735e+00 7.7741e-04 1.8185e-05
5.0811e+00 6.5726e-04 1.8413e-05
5.0888e+00 8.6909e-04 1.8716e-05
5.0965e+00 8.7504e-04 1.8583e-05
5.1041e+00 7.3112e-04 1.8242e-05
5.1118e+00 7.8325e-04 1.8789e-05
5.1194e+00 8.3775e-04 1.9349e-05
5.1270e+00 7.2413e-04 1.9307e-05
5.1346e+00 4.9935e-04 1.8245e-05
5.1422e+00 3.6267e-04 1.7362e-05
5.1498e+00 5.1108e-04 1.7765e-05
5.1573e+00 6.5112e-04 1.8658e-05
5.1649e+00 6.6525e-04 1.8965e-05
5.1724e+00 6.8436e-04 1.9536e-05
5.1800e+00 8.0714e-04 1.9931e-05
5.1875e+00 7.4176e-04 1.9821e-05
5.2204e+00 6.2095e-04 2.0655e-06
5.2824e+00 5.6199e-04 1.9593e-06
5.3433e+00 5.1670e-04 1.8843e-06
5.4029e+00 4.2217e-04 1.7385e-06
5.4615e+00 3.4406e-04 1.6487e-06
5.5190e+00 2.9969e-04 1.5911e-06
5.5756e+00 2.4829e-04 1.5080e-06
5.6314e+00 2.2020e-04 1.4436e-06
5.6862e+00 1.9778e-04 1.4004e-06
5.7403e+00 1.8541e-04 1.3269e-06
5.7935e+00 1.8991e-04 1.4003e-06
5.8460e+00 1.7863e-04 1.3845e-06
5.8976e+00 1.6252e-04 1.3780e-06
5.9485e+00 1.6722e-04 1.3785e-06
5.9988e+00 1.9529e-04 1.5162e-06
6.0483e+00 1.9537e-04 1.3753e-06
6.0970e+00 1.9733e-04 1.5388e-06
6.1452e+00 2.1721e-04 1.5760e-06
6.1928e+00 2.7238e-04 1.7256e-06
6.2397e+00 3.4388e-04 1.8508e-06
6.2861e+00 4.0170e-04 2.0315e-06
6.3319e+00 3.4555e-04 1.9168e-06
6.3771e+00 2.5028e-04 1.6967e-06
6.4219e+00 1.7625e-04 1.5282e-06
6.5533e+00 1.3439e-04 1.4335e-06
6.5961e+00 1.3688e-04 1.4435e-06
6.6386e+00 1.5531e-04 1.5849e-06
6.6808e+00 1.9560e-04 1.6739e-06
6.7225e+00 2.3001e-04 1.7894e-06
6.7639e+00 2.3794e-04 1.8302e-06
6.8051e+00 2.3516e-04 1.8146e-06
6.8457e+00 2.4202e-04 1.7859e-06
6.8861e+00 2.6884e-04 2.0289e-06
6.9262e+00 3.0261e-04 2.1439e-06
6.9659e+00 2.8742e-04 2.2648e-06
7.0054e+00 2.7996e-04 2.0837e-06
7.0445e+00 2.8665e-04 2.0864e-06
7.0833e+00 2.8661e-04 2.0830e-06
7.1217e+00 2.8089e-04 2.1289e-06
7.1600e+00 2.5446e-04 2.0298e-06
7.1978e+00 2.3254e-04 2.0393e-06
7.2354e+00 2.1788e-04 1.9626e-06
7.2727e+00 1.9789e-04 1.9572e-06
7.3097e+00 1.7814e-04 1.9006e-06
7.3465e+00 1.5819e-04 1.8687e-06
7.3829e+00 1.5233e-04 1.8133e-06
7.4191e+00 1.4612e-04 1.9072e-06
7.4551e+00 1.5101e-04 1.8867e-06
7.4906e+00 1.7297e-04 1.9658e-06
7.5261e+00 2.0003e-04 2.0456e-06
7.5612e+00 2.1697e-04 2.1648e-06
7.5960e+00 2.2851e-04 2.1628e-06
7.6307e+00 2.0803e-04 2.0353e-06
7.6651e+00 1.6347e-04 1.9766e-06
7.6993e+00 1.2545e-04 1.8811e-06
7.7333e+00 1.3630e-04 1.9135e-06
7.7669e+00 1.6707e-04 2.0068e-06
7.8004e+00 1.8716e-04 2.0872e-06
7.8336e+00 1.9276e-04 2.1379e-06
7.8667e+00 1.9891e-04 2.1593e-06
7.8995e+00 2.0637e-04 2.2011e-06
7.9322e+00 2.1630e-04 2.2338e-06
7.9646e+00 2.2983e-04 2.3356e-06
7.9967e+00 2.3674e-04 2.3309e-06
8.0288e+00 2.3884e-04 2.3969e-06
8.0606e+00 2.5470e-04 2.4083e-06
8.0923e+00 2.6920e-04 2.5844e-06
8.1238e+00 3.0725e-04 2.6326e-06
8.1551e+00 3.0702e-04 2.7216e-06
8.1862e+00 3.2203e-04 2.7300e-06
8.2172e+00 3.3735e-04 2.9133e-06
8.2480e+00 3.7953e-04 2.9584e-06
8.2786e+00 4.2416e-04 2.8614e-06
8.3091e+00 4.3073e-04 3.1472e-06
8.3395e+00 4.4999e-04 3.2118e-06
8.3697e+00 4.6496e-04 3.2344e-06
8.3997e+00 4.8798e-04 3.3478e-06
8.4296e+00 5.3252e-04 3.4309e-06
8.4595e+00 5.4911e-04 3.5040e-06
8.4891e+00 5.6373e-04 3.5373e-06
8.5186e+00 5.7479e-04 3.6134e-06
8.5480e+00 6.2064e-04 3.7145e-06
8.5772e+00 6.6308e-04 3.8703e-06
8.6063e+00 6.5811e-04 3.8522e-06
8.6353e+00 6.6819e-04 3.9942e-06
8.6641e+00 7.1718e-04 4.0655e-06
8.6928e+00 7.5102e-04 4.1984e-06
8.7215e+00 7.9435e-04 4.2868e-06
8.7499e+00 7.6533e-04 4.2709e-06
8.7782e+00 7.3302e-04 4.1431e-06
8.8064e+00 7.5860e-04 4.2920e-06
8.8345e+00 8.1091e-04 4.4114e-06
8.8624e+00 8.5767e-04 4.6417e-06
8.8903e+00 8.4270e-04 4.5517e-06
8.9180e+00 8.0915e-04 4.4998e-06
8.9455e+00 7.7289e-04 4.4829e-06
8.9729e+00 7.9796e-04 4.5985e-06
9.0004e+00 8.3866e-04 4.7001e-06
9.0275e+00 8.4799e-04 4.7409e-06
9.0546e+00 8.5838e-04 4.7742e-06
9.0816e+00 8.4971e-04 4.8089e-06
9.1085e+00 8.6945e-04 4.4382e-06
9.1352e+00 8.3913e-04 4.8701e-06
9.1618e+00 8.4860e-04 4.8783e-06
9.1883e+00 8.8395e-04 4.9874e-06
9.2147e+00 9.3731e-04 5.1111e-06
9.2410e+00 9.6189e-04 5.2024e-06
9.2671e+00 9.2370e-04 5.1425e-06
9.2933e+00 8.6935e-04 5.1141e-06
9.3192e+00 8.3332e-04 4.9285e-06
9.3450e+00 8.6658e-04 5.0874e-06
9.3708e+00 8.9978e-04 5.2703e-06
9.3963e+00 9.4040e-04 5.4105e-06
9.4218e+00 9.5946e-04 5.3645e-06
9.4473e+00 9.3976e-04 5.4185e-06
9.4726e+00 8.8179e-04 5.2849e-06
9.4977e+00 8.7371e-04 5.3763e-06
9.5229e+00 9.1579e-04 5.4494e-06
9.5478e+00 9.7070e-04 5.6243e-06
9.5727e+00 1.0220e-03 5.7079e-06
9.5975e+00 1.0262e-03 5.7943e-06
9.6221e+00 1.0117e-03 5.7946e-06
9.6468e+00 9.5864e-04 5.7493e-06
9.6712e+00 8.9615e-04 5.5605e-06
9.6957e+00 8.8096e-04 5.6747e-06
9.7199e+00 9.6153e-04 5.8691e-06
9.7441e+00 1.0188e-03 6.0818e-06
9.7682e+00 1.0998e-03 6.1677e-06
9.7922e+00 1.1113e-03 6.3492e-06
9.8161e+00 1.1221e-03 6.3979e-06
9.8399e+00 1.0700e-03 6.2561e-06
9.8637e+00 9.6974e-04 6.0860e-06
9.8873e+00 9.3543e-04 6.2229e-06
9.9109e+00 9.9540e-04 6.2262e-06
9.9343e+00 1.1007e-03 6.5602e-06
9.9577e+00 1.2402e-03 6.8189e-06
9.9809e+00 1.2761e-03 7.0668e-06
1.0004e+01 1.2432e-03 6.9675e-06
1.0027e+01 1.1745e-03 6.9688e-06
1.0050e+01 1.0938e-03 6.8021e-06
1.0073e+01 1.0371e-03 6.2914e-06
1.0096e+01 1.0551e-03 6.8356e-06
1.0119e+01 1.1496e-03 7.2137e-06
1.0142e+01 1.2658e-03 7.4511e-06
1.0164e+01 1.3347e-03 7.7490e-06
1.0186e+01 1.3413e-03 7.7885e-06
1.0209e+01 1.3397e-03 7.8850e-06
1.0232e+01 1.2803e-03 7.7735e-06
1.0254e+01 1.1637e-03 7.6239e-06
1.0276e+01 1.0414e-03 7.4115e-06
1.0299e+01 8.9484e-04 7.1009e-06
1.0320e+01 6.5590e-04 6.4307e-06
1.0342e+01 4.6698e-04 6.1364e-06
1.0364e+01 3.6292e-04 5.8239e-06
1.0386e+01 3.6775e-04 6.0015e-06
1.0408e+01 4.1168e-04 6.2585e-06
1.0430e+01 4.9714e-04 6.5683e-06
1.0452e+01 5.4019e-04 6.9166e-06
1.0472e+01 5.8238e-04 7.0630e-06
1.0494e+01 6.1874e-04 7.1966e-06
1.0515e+01 6.4431e-04 7.4163e-06
1.0537e+01 6.8509e-04 7.5819e-06
1.0558e+01 7.0259e-04 7.8399e-06
1.0580e+01 7.5657e-04 7.9097e-06
1.0601e+01 7.6229e-04 8.0826e-06
1.0621e+01 7.6151e-04 8.0184e-06
1.0643e+01 7.4384e-04 8.4544e-06
1.0664e+01 6.4972e-04 7.9907e-06
1.0685e+01 5.2275e-04 7.9490e-06
1.0706e+01 3.9710e-04 7.6202e-06
1.0727e+01 3.6640e-04 7.7141e-06
1.0748e+01 3.4047e-04 7.5050e-06
1.0768e+01 4.2605e-04 8.0612e-06
1.0788e+01 4.9572e-04 8.3843e-06
1.0809e+01 5.8942e-04 9.0617e-06
1.0830e+01 6.3432e-04 9.1703e-06
1.0850e+01 6.7821e-04 9.5471e-06
1.0871e+01 7.3399e-04 9.8009e-06
1.0891e+01 7.5513e-04 9.7320e-06
1.0912e+01 7.5464e-04 1.0068e-05
1.0931e+01 8.2482e-04 9.7321e-06
1.0952e+01 7.7707e-04 1.0492e-05
1.0972e+01 7.4261e-04 1.0828e-05
1.0992e+01 7.2570e-04 1.0609e-05
1.1012e+01 7.4475e-04 1.1141e-05
1.1032e+01 8.1533e-04 1.0852e-05
1.1052e+01 9.3732e-04 1.2109e-05
1.1072e+01 1.0477e-03 1.2120e-05
1.1091e+01 1.0511e-03 1.2679e-05
1.1111e+01 1.0764e-03 1.2934e-05
1.1131e+01 1.0810e-03 1.3494e-05
1.1151e+01 1.0922e-03 1.3459e-05
1.1171e+01 1.0574e-03 1.3973e-05
1.1191e+01 1.0197e-03 1.3394e-05
1.1210e+01 9.1018e-04 1.4142e-05
1.1230e+01 8.7426e-04 1.3582e-05
1.1248e+01 8.3703e-04 1.3797e-05
1.1268e+01 9.1496e-04 1.4185e-05
1.1287e+01 1.0189e-03 1.5218e-05
1.1307e+01 1.0646e-03 1.5249e-05
1.1326e+01 1.0874e-03 1.5763e-05
1.1345e+01 1.0782e-03 1.5602e-05
1.1365e+01 1.0622e-03 1.5923e-05
1.1384e+01 1.1324e-03 1.5876e-05
1.1402e+01 1.1223e-03 1.5888e-05
1.1421e+01 1.1474e-03 1.5912e-05
1.1440e+01 1.0215e-03 1.6269e-05
1.1459e+01 9.6254e-04 1.5210e-05
1.1478e+01 9.1747e-04 1.6200e-05
1.1497e+01 8.6605e-04 1.5653e-05
1.1516e+01 8.8723e-04 1.6389e-05
1.1535e+01 8.8199e-04 1.6166e-05
1.1552e+01 1.0065e-03 1.7381e-05
1.1571e+01 1.1425e-03 1.7735e-05
1.1590e+01 1.0939e-03 1.8498e-05
1.1608e+01 9.9533e-04 1.8038e-05
1.1627e+01 1.0371e-03 1.9389e-05
1.1646e+01 9.7013e-04 1.8864e-05
1.1664e+01 9.8923e-04 1.8508e-05
1.1683e+01 9.5013e-04 1.8746e-05
1.1700e+01 7.7656e-04 1.9198e-05
1.1718e+01 7.2539e-04 1.8474e-05
1.1737e+01 6.8565e-04 1.9810e-05
1.1755e+01 7.5320e-04 1.9689e-05
1.1773e+01 7.4116e-04 2.1420e-05
1.1791e+01 7.8405e-04 2.2244e-05
1.1809e+01 8.3047e-04 2.2792e-05
1.1827e+01 8.3557e-04 2.2411e-05
1.1845e+01 9.9602e-04 2.3346e-05
1.1862e+01 9.8073e-04 2.3932e-05
1.1880e+01 9.2379e-04 2.5133e-05
1.1898e+01 9.5377e-04 2.4421e-05
1.1916e+01 9.8430e-04 2.6272e-05
1.1934e+01 9.8822e-04 2.5469e-05
1.1952e+01 9.5095e-04 2.5580e-05
1.1969e+01 8.7638e-04 2.5771e-05
